-9.966078549282691990e-01
1.069757280277513489e-01
1.422917668830106175e+00
-1.209959832497216281e+00
7.075046260552756427e-01
-6.590863528085762202e-02
2.081747377941304045e+00
1.347057009767430813e+00
-8.985529182796917480e-01
4.828222569881048254e-01
-2.652275265911581137e-01
1.800752044281841990e-01
6.988654833697093283e-01
-7.804730344872148895e-02
-1.568662892591670355e+00
6.864437175557618932e-03
-2.317378498728924541e+00
-1.403947476097025193e+00
9.321318950922888869e-01
3.214135341396897050e-01
1.179484588715863091e-01
3.253413400623129254e-02
1.420875559791461962e+00
2.596857135876764477e-01
2.722268740306421075e-01
1.658573542347729635e-01
-1.666440960722132880e+00
-1.445184304602920244e+00
4.119684340969966829e-01
1.028363985918190164e-02
-1.188402143036255444e-02
-4.036661155536819257e-01
-7.462450278855617958e-01
-7.292096852290923248e-02
3.346420054051336135e-01
-4.854111750880898968e-01
2.488973605876445075e-02
-1.362154084584094260e+00
-8.185319268840579587e-01
5.426659317476436595e-01
1.991986325161216653e+00
5.781481333007698620e-01
2.571168034031773075e+00
1.695800949178648320e+00
-2.222210390575791658e-02
1.695071826093821343e+00
-1.119057672182653951e+00
-4.983631145653685257e-01
-1.039730534242012894e+00
8.134991947819416591e-01
-1.212424140920659088e+00
-1.245674729554324262e-01
-1.437505124378259280e+00
2.744833395355286143e-01
-8.857710918773986988e-03
-1.878604016229244555e+00
-8.389177913193531788e-01
-9.240872325226394679e-01
1.090554499925837639e+00
6.901546814337966573e-01
-7.930209392798071022e-01
2.159713840980093391e-01
9.284845851175661524e-01
7.000959804276786214e-01
-3.439602864204433508e-01
-5.052727690894364132e-01
1.327966906381146783e+00
9.723019118822294748e-01
-8.383875610616218221e-01
-3.400126245544629611e-01
8.226502198756454609e-01
4.451504617192477697e-01
8.329511886366575135e-02
3.266552896107210446e-01
9.979704178466550779e-01
2.956745088302443203e-01
-2.154869306466642986e-01
3.199850311592975505e-01
-1.232875716656158138e+00
-7.595909337082210055e-02
3.721418223811438497e-01
2.298457449319828982e-01
6.067320587695188699e-02
-4.150606503139716574e-01
-1.195310867164963486e+00
-1.192238757919400705e+00
-7.649894632602909361e-01
3.746767674372231127e-01
6.750979431726432389e-02
-8.729189172215947590e-01
9.714617486581013095e-01
1.368750677245599956e+00
-2.761339792326553688e-01
-2.261167360944164872e-01
-1.195988781817095559e+00
1.026032504247769817e+00
-1.101967055323325839e+00
-1.223612793911005581e-01
3.671090362014631792e-01
1.250615791920520192e-01
-6.454249543321438631e-01
4.885349597608506511e-01
-3.586797322422384804e-01
2.602399588576812667e-02
4.826827998223340299e-01
-1.193578020957374530e+00
5.787562054177561865e-01
5.823357490406707582e-01
1.159222484850154000e+00
6.097113811799440564e-01
2.158507379509414736e+00
6.952520251898242076e-01
-1.079372365678872070e+00
-1.543918105087625170e+00
-3.464830142019256765e-01
4.665781697918845450e-01
-5.808336913668147306e-01
-2.547466564676318157e+00
-1.660311835953146575e-01
6.814959916617815416e-01
8.085229691474765668e-01
-1.859492306391401284e+00
-7.468498390090462236e-01
1.973958450464428749e+00
1.648870284599133429e+00
2.568311743787071166e-01
-9.974114714493518274e-01
6.090277249157803885e-01
7.493891833763196564e-01
-4.892758541613912437e-01
1.186900264651897352e+00
1.073034493611575435e+00
-4.227172793711197474e-01
-7.345525467460838343e-01
5.112966614970987367e-01
-4.341154280488327410e-01
4.107672402504119469e-01
-4.768633109162196404e-01
-4.307793475767288660e-01
-1.653250888407280517e+00
-3.588475185814595791e-01
-1.181429631872619401e+00
9.952268805834055265e-02
-4.727693415663396515e-01
-7.440377684240082612e-01
7.755730752880310996e-01
1.217647088740692274e+00
1.834030700546505521e+00
1.723268285317098580e-01
8.450821442908511560e-01
2.092260398530249033e-01
3.600529308962323038e-01
5.741507777238871180e-01
4.160094438817749651e-01
-5.675224149789253048e-01
-5.416942245945364359e-02
-3.089685207757838711e-02
9.231087779636715229e-01
-1.686738899618000609e+00
-1.262145921398430293e+00
-1.947209405054203257e+00
9.318577363119658896e-01
-4.480177307118227148e+00
-1.574432966048290083e+00
2.537414864851324836e+00
-1.081664849007518248e+00
-2.769413531388521116e-02
-1.018903418759221413e+00
1.845995558636122302e+00
6.348769757781494993e-01
4.191660397313949904e-01
1.249101783768279850e+00
1.524146240764418625e+00
3.776869719364295275e-01
1.229267804235609329e+00
8.211428861815701641e-01
1.206971413911684721e+00
4.940100939677364300e-01
-3.560901333633955113e-01
-4.120813841002994304e-01
-1.815114310937726794e+00
2.301026083394019484e+00
-2.233244145301247624e-02
-2.801399953474720261e-01
-1.711955059075542240e-01
-1.063851563036409154e+00
-4.349412363639525991e-01
1.104086907919106686e+00
-2.145446187566501628e+00
-5.641196163222258475e-01
-3.867518374405742865e-01
-7.688262498130538081e-01
-1.471350614346115915e+00
1.134931190485824137e+00
-2.957620063215645745e-01
5.111649355834631953e-02
1.100144406236705175e+00
9.720649076646886710e-01
5.822726147345103076e-01
-1.449411586579472333e+00
-1.118880052141551396e+00
1.004238468616432289e+00
6.221243801287731356e-01
5.923625770029353754e-01
-2.080466507930477937e-01
1.338466559769735609e+00
1.452103756014446967e+00
-2.717451041466923539e-02
-1.123154695915628221e+00
-1.498934680783763129e+00
-3.012453469741985801e-01
-2.186028447956496201e-01
-1.377485851211990520e+00
1.472129554883702118e+00
1.249554849934151557e+00
-2.060315316781264894e+00
-1.024529939031118664e+00
5.919487715394028404e-01
-8.341198195224357459e-01
-1.562620662159919682e+00
1.157960324062144164e-01
3.198561630280341572e-01
1.131434650256225805e+00
5.993623292861587348e-01
5.481075869228786424e-01
6.989376331431257361e-01
4.400692992081262078e-01
1.064592871917074274e-01
-2.415909270433307943e-01
9.907670151380520984e-01
1.552719715366188913e+00
6.479519309815726658e-01
-1.148786906019049897e-01
-2.233920071683062614e-01
-8.766579323601672025e-01
-2.988674901833254238e-01
-6.399373505850458610e-01
-3.943780123392872650e-01
7.038122013938646893e-01
-1.534203669334322173e+00
-8.699080775952744427e-01
-5.986213799039121763e-01
2.614762398865495552e-01
3.438462300091149615e-02
-4.474444874119941629e-01
8.088593274723256954e-01
-3.307357610138495496e-01
1.271390500177657312e+00
1.284188973708015435e+00
-9.595673287050679109e-03
5.003119823193317162e-01
-8.100121376176273591e-01
-1.720577432718825295e-01
-1.682288746779645738e-01
3.076032147678257056e-01
-1.098026546411168536e-01
3.574464487147927527e-01
-5.803724775003121783e-01
-5.497828852121064980e-01
