2.22273750e-02	0.00000000e+00	2.88744000e-02	-2.01987000e-02	-8.82602000e-02	3.18108000e-03	8.96803000e-04	1.40533000e-03	8.78733389e-02	8.78684906e-02	8.78604103e-02	8.78490983e-02	8.78345550e-02	8.78167809e-02	8.77957767e-02
1.41164943e-01	6.41730400e-02	3.12049000e-02	4.70124000e-03	-7.74542000e-02	3.03822000e-03	8.60711000e-04	1.06155000e-03	8.78604103e-02	8.78167809e-02	8.77440813e-02	8.76423355e-02	8.75115773e-02	8.73518499e-02	8.71632061e-02
6.77546891e-02	5.74708900e-02	2.51227000e-02	-2.95451000e-02	-8.69606000e-02	3.02338000e-03	8.71100000e-04	1.18904000e-03	8.78345550e-02	8.77133919e-02	8.75115773e-02	8.72292967e-02	8.68668096e-02	8.64244493e-02	8.59026227e-02
-1.17122355e-01	8.93531000e-02	2.34608000e-02	2.50740000e-02	-8.99613000e-02	2.74510000e-03	7.07642000e-04	1.02935000e-03	8.77957767e-02	8.75583845e-02	8.71632061e-02	8.66109538e-02	8.59026227e-02	8.50394892e-02	8.40231088e-02
-2.11424834e-01	9.21467500e-02	1.84413000e-02	1.19889000e-02	-7.12515000e-02	2.42293000e-03	4.50173000e-04	5.02342000e-04	8.77440813e-02	8.73518499e-02	8.66994291e-02	8.57887623e-02	8.46225620e-02	8.32043019e-02	8.15382065e-02
-1.18468449e-01	1.91572350e-01	2.20162000e-02	-4.99229000e-02	-3.95609000e-02	1.28543000e-03	-1.95950000e-04	3.98064000e-04	8.76794762e-02	8.70939096e-02	8.61208602e-02	8.47646573e-02	8.30313346e-02	8.09286037e-02	7.84658196e-02
-4.40214402e-02	5.48305000e-02	1.67344000e-02	-2.96778000e-02	-4.53757000e-02	1.25461000e-03	1.01676000e-04	2.56734000e-04	8.76019711e-02	8.67847154e-02	8.54282655e-02	8.35410491e-02	8.11347914e-02	7.82244426e-02	7.48280847e-02
-1.35212855e-02	3.51983320e-02	-1.34932000e-04	-2.95077000e-02	-4.08592000e-02	1.32745000e-03	1.63926000e-04	1.18976000e-04	8.75115773e-02	8.64244493e-02	8.46225620e-02	8.21208176e-02	7.89399064e-02	7.51061356e-02	7.06512117e-02
8.39661679e-02	3.44522010e-02	-1.34931000e-04	-2.62896000e-02	-1.32671000e-02	1.25461000e-03	1.63926000e-04	1.18976000e-04	8.74083081e-02	8.60133233e-02	8.37048165e-02	8.05073056e-02	7.64547504e-02	7.15901918e-02	6.59652951e-02
1.30970383e-01	2.98518355e-02	-9.94455000e-05	-1.71798000e-02	-4.97775000e-03	1.25461000e-03	1.63926000e-04	-1.29368000e-04	8.72921787e-02	8.55515794e-02	8.26762441e-02	7.87043105e-02	7.36884615e-02	6.76952260e-02	6.08040970e-02
8.46890732e-02	4.62628955e-02	1.37915000e-02	-2.62896000e-02	-1.58227000e-02	1.25461000e-03	1.63926000e-04	1.18976000e-04	8.71632061e-02	8.50394892e-02	8.15382065e-02	7.67160759e-02	7.06512117e-02	6.34418593e-02	5.52048040e-02
-2.74953130e-03	2.67690000e-02	2.46861000e-02	-1.86267000e-02	-2.40342000e-02	1.25461000e-03	1.63926000e-04	1.18976000e-04	8.70214095e-02	8.44773541e-02	8.02922108e-02	7.45472815e-02	6.73541693e-02	5.88526104e-02	4.92077592e-02
-8.02167810e-02	2.36282400e-02	2.12783000e-02	-7.03481000e-03	-2.19411000e-02	1.25461000e-03	2.32178000e-04	1.81433000e-04	8.68668096e-02	8.38655050e-02	7.89399064e-02	7.22030315e-02	6.38094580e-02	5.39517764e-02	4.28561713e-02
-7.60737013e-02	2.35593600e-02	1.22809000e-02	-8.04767000e-03	-1.99764000e-02	1.09901000e-03	2.18547000e-04	1.18976000e-04	8.66994291e-02	8.32043019e-02	7.74830840e-02	6.96888437e-02	6.00301121e-02	4.87653039e-02	3.61958037e-02
2.66559043e-02	3.60768750e-02	1.22972000e-02	-1.88788000e-02	-1.76808000e-02	1.35117000e-03	1.63926000e-04	-3.29199000e-05	8.65192927e-02	8.24941340e-02	7.59236724e-02	6.70106352e-02	5.60300285e-02	4.33206518e-02	2.92746445e-02
5.45207561e-02	3.27195750e-02	4.25544000e-03	-4.39744000e-03	-1.32378000e-02	1.33641000e-03	1.63926000e-04	-1.33229000e-04	8.63264270e-02	8.17354190e-02	7.42637362e-02	6.41747097e-02	5.18239162e-02	3.76466458e-02	2.21425608e-02
9.11280425e-02	3.37317500e-02	4.64416000e-03	-4.40847000e-03	-1.89515000e-02	1.11067000e-03	3.71871000e-04	-2.51910000e-04	8.61208602e-02	8.09286037e-02	7.25054733e-02	6.11877418e-02	4.74272414e-02	3.17733261e-02	1.48509395e-02
1.50118427e-01	9.29507000e-02	-1.05598000e-02	2.77948000e-02	4.94962000e-03	9.23192000e-04	1.63926000e-04	-2.89334000e-04	8.59026227e-02	8.00741626e-02	7.06512117e-02	5.80567616e-02	4.28561713e-02	2.57317879e-02	7.45231680e-03
6.54009900e-02	5.71228450e-02	-1.00542000e-02	1.44417000e-02	-1.54053000e-02	6.73192000e-04	1.63926000e-04	-8.11495000e-05	8.56717464e-02	7.91725988e-02	6.87034064e-02	5.47891383e-02	3.81275141e-02	1.95540171e-02	0.00000000e+00
-7.22985135e-02	2.10983250e-02	-5.65128000e-03	1.93711000e-02	-1.54232000e-02	6.73192000e-04	2.68833000e-04	4.89056000e-05	8.54282655e-02	7.82244426e-02	6.66646363e-02	5.13925626e-02	3.32586577e-02	1.32727209e-02	-7.45231680e-03
-1.36281078e-01	1.11581080e-01	-1.07680000e-04	2.71566000e-03	1.02883000e-03	-5.68740000e-04	5.65733000e-05	4.44971000e-05	8.51722157e-02	7.72302522e-02	6.45376009e-02	4.78750287e-02	2.82675054e-02	6.92115450e-03	-1.48509395e-02
-6.83977023e-02	6.51061850e-02	-8.03530000e-03	-4.37362000e-03	1.39701000e-02	4.51773000e-05	1.63926000e-04	2.28068000e-05	8.49036347e-02	7.61906126e-02	6.23251164e-02	4.42448155e-02	2.31724102e-02	5.32945200e-04	-2.21425608e-02
4.74651100e-04	5.91059760e-02	-1.07589000e-04	2.94680000e-02	9.79850000e-03	-1.26345000e-04	8.70854000e-05	3.77448000e-05	8.46225620e-02	7.51061356e-02	6.00301121e-02	4.05104671e-02	1.79921075e-02	-5.85808560e-03	-2.92746445e-02
2.95812974e-02	6.71784010e-02	-1.06797000e-02	5.85793000e-03	1.40843000e-02	-2.96634000e-04	1.63926000e-04	-2.89334000e-04	8.43290390e-02	7.39774594e-02	5.76556267e-02	3.66807728e-02	1.27456458e-02	-1.22181018e-02	-3.61958037e-02
8.15239554e-02	6.97003255e-02	-1.22591000e-04	-4.35041000e-03	2.91636000e-02	8.59870000e-05	1.63926000e-04	5.15653000e-06	8.40231088e-02	7.28052482e-02	5.52048040e-02	3.27647462e-02	7.45231680e-03	-1.85134314e-02	-4.28561713e-02
4.31297048e-02	2.69032795e-02	1.25480000e-02	-4.37020000e-03	2.32452000e-02	7.03870000e-05	9.94778000e-05	9.09983000e-05	8.37048165e-02	7.15901918e-02	5.26808891e-02	2.87716041e-02	2.13158480e-03	-2.47107447e-02	-4.92077592e-02
1.52944712e-02	4.55850975e-02	7.45333000e-03	1.71642000e-02	1.45330000e-02	6.32445000e-06	1.63926000e-04	1.46325000e-05	8.33742089e-02	7.03330054e-02	5.00872235e-02	2.47107447e-02	-3.19698520e-03	-3.07772312e-02	-5.52048040e-02
2.87697471e-02	2.92048275e-02	4.66846000e-03	1.71791000e-02	3.06302000e-02	1.59578000e-04	1.63926000e-04	-3.82711000e-05	8.30313346e-02	6.90344287e-02	4.74272414e-02	2.05917258e-02	-8.51379960e-03	-3.66807728e-02	-6.08040970e-02
5.04977179e-02	2.92202700e-02	6.28801000e-03	2.09526000e-02	3.62313000e-02	-1.26345000e-04	1.63926000e-04	4.03283000e-05	8.26762441e-02	6.76952260e-02	4.47044647e-02	1.64242420e-02	-1.37993077e-02	-4.23901144e-02	-6.59652951e-02
-5.42219219e-02	5.26861846e-02	-9.63731000e-05	6.78638000e-03	8.97570000e-03	-7.06160000e-05	1.63926000e-04	-1.54233000e-06	8.23089896e-02	6.63161853e-02	4.19224983e-02	1.22181018e-02	-1.90340743e-02	-4.78750287e-02	-7.06512117e-02
-1.44470920e-01	5.58986496e-02	-6.44600000e-05	3.86607000e-02	2.30900000e-02	-1.26345000e-04	1.63926000e-04	1.40291000e-04	8.19296251e-02	6.48981182e-02	3.90850257e-02	7.98320500e-03	-2.41988503e-02	-5.31064768e-02	-7.48280847e-02
-8.36730413e-02	4.37810820e-02	-1.31127000e-04	1.71799000e-02	3.29092000e-02	5.20220000e-05	1.63926000e-04	7.03697000e-05	8.15382065e-02	6.34418593e-02	3.61958037e-02	3.72951880e-03	-2.92746445e-02	-5.80567616e-02	-7.84658196e-02
3.87853458e-02	8.84508080e-02	-1.11597000e-02	1.13645000e-02	6.11700000e-02	-4.60258000e-04	3.20034000e-04	-1.28163000e-04	8.11347914e-02	6.19482655e-02	3.32586577e-02	-5.32945200e-04	-3.42427924e-02	-6.26996748e-02	-8.15382065e-02
8.17026641e-02	6.32562500e-02	-1.65949000e-02	1.71774000e-02	4.06801000e-02	-1.47172000e-04	1.63926000e-04	-2.89334000e-04	8.07194391e-02	6.04182157e-02	3.02774765e-02	-4.79415490e-03	-3.90850257e-02	-6.70106352e-02	-8.40231088e-02
4.31511452e-02	3.39165050e-02	-1.99744000e-02	1.71853000e-02	3.20319000e-02	-3.06926000e-04	2.16583000e-04	-6.41269000e-05	8.02922108e-02	5.88526104e-02	2.72562073e-02	-9.04408100e-03	-4.37835389e-02	-7.09668192e-02	-8.59026227e-02
2.07679723e-02	5.50021550e-02	-1.65949000e-02	1.46387000e-02	3.90520000e-02	2.56329000e-04	1.63926000e-04	-2.89334000e-04	7.98531692e-02	5.72523710e-02	2.41988503e-02	-1.32727209e-02	-4.83210550e-02	-7.45472815e-02	-8.71632061e-02
-5.44010576e-02	3.42532500e-02	-1.65965000e-02	1.71786000e-02	1.89338000e-02	7.85880000e-05	2.18056000e-04	-2.89334000e-04	7.94023789e-02	5.56184392e-02	2.11094536e-02	-1.74701218e-02	-5.26808891e-02	-7.77330658e-02	-8.77957767e-02
-4.56781216e-02	1.86238000e-02	-1.65949000e-02	1.71905000e-02	2.75204000e-02	2.24932000e-04	1.63926000e-04	-2.89334000e-04	7.89399064e-02	5.39517764e-02	1.79921075e-02	-2.16264049e-02	-5.68470095e-02	-8.05073056e-02	-8.77957767e-02
3.11112905e-02	6.72427545e-02	-1.65906000e-02	5.02635000e-02	4.46719000e-02	1.75191000e-06	1.63926000e-04	-1.72235000e-04	7.84658196e-02	5.22533636e-02	1.48509395e-02	-2.57317879e-02	-6.08040970e-02	-8.28553131e-02	-8.71632061e-02
6.86310295e-02	8.33673445e-02	-1.65960000e-02	-6.46259000e-03	3.45710000e-02	1.48834000e-04	2.30444000e-04	-2.89334000e-04	7.79801883e-02	5.05242003e-02	1.16901085e-02	-2.97766081e-02	-6.45376009e-02	-8.47646573e-02	-8.59026227e-02
-5.47782076e-02	7.83261300e-02	-2.72111000e-02	6.87984000e-03	2.35162000e-02	-5.38160000e-04	3.04832000e-04	-3.94228000e-04	7.74830840e-02	4.87653039e-02	8.51379960e-03	-3.37513458e-02	-6.80337927e-02	-8.62252294e-02	-8.40231088e-02
-1.13979241e-01	1.06327010e-01	-1.66259000e-02	1.78612000e-02	2.55166000e-02	6.47282000e-04	6.69697000e-04	-2.89334000e-04	7.69745797e-02	4.69777097e-02	5.32621820e-03	-3.76466458e-02	-7.12798165e-02	-8.72292967e-02	-8.15382065e-02
-3.96902851e-02	5.62223500e-02	-3.37563000e-02	1.78406000e-02	3.85957000e-02	2.73204000e-04	6.15163000e-04	-3.80567000e-04	7.64547504e-02	4.51624696e-02	2.13158480e-03	-4.14533402e-02	-7.42637362e-02	-8.77715432e-02	-7.84658196e-02
-1.64470780e-03	3.58175000e-02	-1.65998000e-02	1.78413000e-02	2.75862000e-02	2.73204000e-04	4.68557000e-04	-3.86977000e-04	7.59236724e-02	4.33206518e-02	-1.06587080e-03	-4.51624696e-02	-7.69745797e-02	-8.78490983e-02	-7.48280847e-02
-6.77569170e-03	2.32235010e-01	1.09466000e-02	-4.41388000e-02	-2.74206000e-03	1.62924000e-03	7.64913000e-04	2.08236000e-04	7.53814239e-02	4.14533402e-02	-4.26191520e-03	-4.87653039e-02	-7.94023789e-02	-8.74615512e-02	-7.06512117e-02
-5.00432567e-02	2.39753060e-01	-2.66108000e-02	4.26343000e-02	3.34225000e-02	4.84166000e-04	7.23872000e-04	-1.90809000e-04	7.48280847e-02	3.95616338e-02	-7.45231680e-03	-5.22533636e-02	-8.15382065e-02	-8.66109538e-02	-6.59652951e-02
-7.08764195e-02	6.47450000e-02	-1.65153000e-02	9.07345000e-03	2.36445000e-02	3.56478000e-04	7.23872000e-04	-2.89334000e-04	7.42637362e-02	3.76466458e-02	-1.06328513e-02	-5.56184392e-02	-8.33742089e-02	-8.53018094e-02	-6.08040970e-02
1.33818898e-02	3.65283500e-02	-1.65171000e-02	1.84417000e-02	3.91903000e-02	3.62820000e-04	7.23872000e-04	-5.15242000e-04	7.36884615e-02	3.57095031e-02	-1.37993077e-02	-5.88526104e-02	-8.49036347e-02	-8.35410491e-02	-5.52048040e-02
1.54732634e-01	4.63509500e-02	-1.65153000e-02	2.63727000e-02	5.50520000e-02	1.37599000e-04	7.23872000e-04	-2.89334000e-04	7.31023451e-02	3.37513458e-02	-1.69474936e-02	-6.19482655e-02	-8.61208602e-02	-8.13379949e-02	-4.92077592e-02
1.47031127e-01	9.60077400e-02	2.02370000e-02	4.23653000e-02	3.47863000e-02	-8.21383000e-05	7.23872000e-04	-4.91285000e-05	7.25054733e-02	3.17733261e-02	-2.00732406e-02	-6.48981182e-02	-8.70214095e-02	-7.87043105e-02	-4.28561713e-02
-4.83053416e-02	6.73777100e-02	1.05707000e-02	1.61108000e-02	1.89551000e-02	-3.37895000e-04	7.23872000e-04	-1.05886000e-04	7.18979340e-02	2.97766081e-02	-2.31724102e-02	-6.76952260e-02	-8.76019711e-02	-7.56539395e-02	-3.61958037e-02
-1.72638735e-01	4.14618300e-02	-7.03273000e-03	1.33033000e-02	2.58329000e-02	-2.37882000e-04	7.23872000e-04	-2.89335000e-04	7.12798165e-02	2.77623669e-02	-2.62408991e-02	-7.03330054e-02	-8.78604103e-02	-7.22030315e-02	-2.92746445e-02
-1.47424645e-01	2.16205320e-01	8.39094000e-03	-1.14001000e-02	5.05750000e-02	-2.03389000e-03	3.15092000e-04	-1.11127000e-03	7.06512117e-02	2.57317879e-02	-2.92746445e-02	-7.28052482e-02	-8.77957767e-02	-6.83698569e-02	-2.21425608e-02
-6.02609236e-02	8.06373200e-02	3.34107000e-02	-4.09799000e-03	7.01618000e-02	-2.15871000e-03	8.48400000e-05	-8.91769000e-04	7.00122121e-02	2.36860659e-02	-3.22696296e-02	-7.51061356e-02	-8.74083081e-02	-6.41747097e-02	-1.48509395e-02
-5.59435990e-02	5.31314900e-02	3.11444000e-02	2.73602000e-02	6.04173000e-02	-2.16674000e-03	1.89494000e-04	-9.72335000e-04	6.93629119e-02	2.16264049e-02	-3.52218891e-02	-7.72302522e-02	-8.66994291e-02	-5.96398004e-02	-7.45231680e-03
9.70152610e-03	6.05065700e-02	3.33771000e-02	1.94013000e-03	7.80068000e-02	-2.29925000e-03	2.44999000e-04	-8.55064000e-04	6.87034064e-02	1.95540171e-02	-3.81275141e-02	-7.91725988e-02	-8.56717464e-02	-5.47891383e-02	-0.00000000e+00
1.20119895e-01	6.19206300e-02	2.49772000e-02	-1.14602000e-02	8.44128000e-02	-2.65792000e-03	3.26621000e-04	-1.08906000e-03	6.80337927e-02	1.74701218e-02	-4.09826574e-02	-8.09286037e-02	-8.43290390e-02	-4.96484044e-02	7.45231680e-03
1.48613035e-01	1.51890300e-01	2.69889000e-02	2.76571000e-02	1.12297000e-01	-4.04830000e-03	2.44999000e-04	-1.27460000e-03	6.73541693e-02	1.53759456e-02	-4.37835389e-02	-8.24941340e-02	-8.26762441e-02	-4.42448155e-02	1.48509395e-02
7.72413395e-02	9.60414900e-02	2.88637000e-02	-8.81070000e-03	1.11151000e-01	-3.49440000e-03	-2.94728000e-05	-9.71914000e-04	6.66646363e-02	1.32727209e-02	-4.65264500e-02	-8.38655050e-02	-8.07194391e-02	-3.86069799e-02	2.21425608e-02
-8.19218936e-02	4.03158610e-02	1.92237000e-02	8.18195000e-03	1.12677000e-01	-3.37506000e-03	-2.99458000e-06	-1.06924000e-03	6.59652951e-02	1.11616852e-02	-4.92077592e-02	-8.50394892e-02	-7.84658196e-02	-3.27647462e-02	2.92746445e-02
-6.72347630e-02	9.35739790e-02	2.59905000e-02	1.78229000e-02	1.57082000e-01	-3.77575000e-03	1.20289000e-04	-9.37989000e-04	6.52562485e-02	9.04408100e-03	-5.18239162e-02	-8.60133233e-02	-7.59236724e-02	-2.67490452e-02	3.61958037e-02
8.25798360e-03	7.89154000e-02	1.27899000e-02	-2.33303000e-02	1.54740000e-01	-3.93311000e-03	-1.17562000e-04	-9.87170000e-04	6.45376009e-02	6.92115450e-03	-5.43714573e-02	-8.67847154e-02	-7.31023451e-02	-2.05917258e-02	4.28561713e-02
7.87241559e-02	5.57204000e-02	2.28991000e-02	-3.22656000e-02	1.54712000e-01	-3.50570000e-03	-1.82149000e-04	-7.46209000e-04	6.38094580e-02	4.79415490e-03	-5.68470095e-02	-8.73518499e-02	-7.00122121e-02	-1.43253871e-02	4.92077592e-02
6.74089593e-02	4.36986400e-02	2.90514000e-02	-8.84696000e-03	1.48480000e-01	-3.42269000e-03	-2.36497000e-04	-7.66765000e-04	6.30719270e-02	2.66433400e-03	-5.92472950e-02	-8.77133919e-02	-6.66646363e-02	-7.98320500e-03	5.52048040e-02
7.30914614e-02	1.04252910e-01	3.39710000e-02	4.05933000e-02	1.79145000e-01	-3.62084000e-03	-1.73228000e-04	-6.43623000e-04	6.23251164e-02	5.32945200e-04	-6.15691359e-02	-8.78684906e-02	-6.30719270e-02	-1.59875720e-03	6.08040970e-02
8.90896548e-02	1.34670400e-01	2.79040000e-02	-2.15218000e-02	2.10385000e-01	-4.18078000e-03	-2.36497000e-04	-5.61866000e-04	6.15691359e-02	-1.59875720e-03	-6.38094580e-02	-8.78167809e-02	-5.92472950e-02	4.79415490e-03	6.59652951e-02
7.77966943e-02	4.78056000e-02	1.97753000e-02	-3.31476000e-02	2.02907000e-01	-4.45528000e-03	-2.95906000e-04	-4.84313000e-04	6.08040970e-02	-3.72951880e-03	-6.59652951e-02	-8.75583845e-02	-5.52048040e-02	1.11616852e-02	7.06512117e-02
-1.63745206e-02	1.05701800e-01	2.52918000e-02	1.85197000e-02	2.05351000e-01	-3.88795000e-03	-3.48614000e-04	-1.82871000e-04	6.00301121e-02	-5.85808560e-03	-6.80337927e-02	-8.70939096e-02	-5.09593186e-02	1.74701218e-02	7.48280847e-02
-8.50043098e-02	8.46401600e-02	2.29000000e-02	6.95959000e-03	2.17296000e-01	-4.75389000e-03	-5.60643000e-04	-2.79767000e-04	5.92472950e-02	-7.98320500e-03	-7.00122121e-02	-8.64244493e-02	-4.65264500e-02	2.36860659e-02	7.84658196e-02
-5.58672273e-02	3.64860700e-02	2.12339000e-02	-1.99483000e-03	2.22648000e-01	-4.45578000e-03	-5.11564000e-04	-2.16685000e-04	5.84557611e-02	-1.01036264e-02	-7.18979340e-02	-8.55515794e-02	-4.19224983e-02	2.97766081e-02	8.15382065e-02
2.80763400e-03	1.39048800e-02	2.21985000e-02	-1.97120000e-03	2.20801000e-01	-4.35437000e-03	-4.20477000e-04	-1.87789000e-04	5.76556267e-02	-1.22181018e-02	-7.36884615e-02	-8.44773541e-02	-3.71643928e-02	3.57095031e-02	8.40231088e-02
1.24900691e-02	7.94218100e-02	1.29188000e-02	-1.90484000e-03	1.77348000e-01	-4.04978000e-03	-4.03430000e-04	-3.98607000e-04	5.68470095e-02	-1.43253871e-02	-7.53814239e-02	-8.32043019e-02	-3.22696296e-02	4.14533402e-02	8.59026227e-02
2.72813125e-02	8.13881600e-02	2.59162000e-02	-3.02119000e-02	1.48078000e-01	-4.04838000e-03	-3.12715000e-04	-2.74448000e-04	5.60300285e-02	-1.64242420e-02	-7.69745797e-02	-8.17354190e-02	-2.72562073e-02	4.69777097e-02	8.71632061e-02
1.86868123e-02	2.52987000e-02	2.44054000e-02	-1.54303000e-02	1.48077000e-01	-4.01520000e-03	-4.27327000e-04	-2.42134000e-04	5.52048040e-02	-1.85134314e-02	-7.84658196e-02	-8.00741626e-02	-2.21425608e-02	5.22533636e-02	8.77957767e-02
3.91307960e-03	5.01066600e-02	2.63530000e-02	-2.03364000e-03	1.67246000e-01	-4.13387000e-03	-2.79405000e-04	-2.87410000e-04	5.43714573e-02	-2.05917258e-02	-7.98531692e-02	-7.82244426e-02	-1.69474936e-02	5.72523710e-02	8.77957767e-02
-1.13280549e-02	5.91390900e-02	1.29382000e-02	1.50763000e-02	1.83376000e-01	-4.21333000e-03	-4.48269000e-04	-2.86047000e-04	5.35301111e-02	-2.26579022e-02	-8.11347914e-02	-7.61906126e-02	-1.16901085e-02	6.19482655e-02	8.71632061e-02
-5.68470800e-04	9.85713900e-02	3.73681000e-03	-3.84278000e-02	1.98600000e-01	-4.39752000e-03	-4.17887000e-04	-4.84313000e-04	5.26808891e-02	-2.47107447e-02	-8.23089896e-02	-7.39774594e-02	-6.38973760e-03	6.63161853e-02	8.59026227e-02
-8.00654200e-03	4.21907400e-02	1.28810000e-02	-5.10500000e-02	1.91607000e-01	-4.25536000e-03	-2.91420000e-04	-4.84313000e-04	5.18239162e-02	-2.67490452e-02	-8.33742089e-02	-7.15901918e-02	-1.06587080e-03	7.03330054e-02	8.40231088e-02
-5.92578272e-02	3.49690500e-02	1.29173000e-02	-2.78394000e-02	1.91621000e-01	-4.28292000e-03	-4.17411000e-04	-4.03701000e-04	5.09593186e-02	-2.87716041e-02	-8.43290390e-02	-6.90344287e-02	4.26191520e-03	7.39774594e-02	8.15382065e-02
-4.89509302e-02	5.79054500e-02	1.29629000e-02	-9.04515000e-03	2.01080000e-01	-4.56056000e-03	-6.51291000e-04	-4.84313000e-04	5.00872235e-02	-3.07772312e-02	-8.51722157e-02	-6.63161853e-02	9.57402980e-03	7.72302522e-02	7.84658196e-02
2.87756913e-02	1.02740150e-01	9.11340000e-03	-5.40989000e-02	2.07928000e-01	-4.06374000e-03	-3.76005000e-04	-3.16641000e-04	4.92077592e-02	-3.27647462e-02	-8.59026227e-02	-6.34418593e-02	1.48509395e-02	8.00741626e-02	7.48280847e-02
6.67428570e-02	7.19446600e-02	-7.36381000e-03	-2.98255000e-02	1.97384000e-01	-4.34228000e-03	-2.97081000e-04	-2.61104000e-04	4.83210550e-02	-3.47329795e-02	-8.65192927e-02	-6.04182157e-02	2.00732406e-02	8.24941340e-02	7.06512117e-02
4.22130352e-02	4.47625100e-02	-5.09289000e-03	-7.56621000e-03	2.03826000e-01	-4.36945000e-03	-2.71654000e-04	-4.84313000e-04	4.74272414e-02	-3.66807728e-02	-8.70214095e-02	-5.72523710e-02	2.52217301e-02	8.44773541e-02	6.59652951e-02
-2.51013538e-02	3.89300700e-02	-9.55462000e-03	7.07633000e-03	2.02243000e-01	-4.06458000e-03	-3.31640000e-04	-4.84313000e-04	4.65264500e-02	-3.86069799e-02	-8.74083081e-02	-5.39517764e-02	3.02774765e-02	8.60133233e-02	6.08040970e-02
-4.70502020e-02	6.49004100e-02	-2.15114000e-02	-3.42892000e-02	2.08616000e-01	-4.00333000e-03	-2.88788000e-04	-4.84313000e-04	4.56188132e-02	-4.05104671e-02	-8.76794762e-02	-5.05242003e-02	3.52218891e-02	8.70939096e-02	5.52048040e-02
-8.39471370e-03	2.68866000e-02	-2.15287000e-02	-3.43900000e-02	2.09210000e-01	-4.38336000e-03	-2.05650000e-04	-5.44635000e-04	4.47044647e-02	-4.23901144e-02	-8.78345550e-02	-4.69777097e-02	4.00367868e-02	8.77133919e-02	4.92077592e-02
2.33876762e-02	4.14131500e-02	-3.08324000e-02	-3.05519000e-02	2.20719000e-01	-4.61345000e-03	-2.60662000e-04	-5.94780000e-04	4.37835389e-02	-4.42448155e-02	-8.78733389e-02	-4.33206518e-02	4.47044647e-02	8.78684906e-02	4.28561713e-02
2.48911495e-02	6.59913000e-02	-3.30993000e-02	-4.53289000e-02	2.10208000e-01	-3.98354000e-03	-2.89013000e-04	-4.84313000e-04	4.28561713e-02	-4.60734790e-02	-8.77957767e-02	-3.95616338e-02	4.92077592e-02	8.75583845e-02	3.61958037e-02
7.80379790e-03	4.90569000e-02	-2.45067000e-02	-6.33903000e-02	2.07971000e-01	-3.81807000e-03	-1.27628000e-04	-4.07850000e-04	4.19224983e-02	-4.78750287e-02	-8.76019711e-02	-3.57095031e-02	5.35301111e-02	8.67847154e-02	2.92746445e-02
-8.76450130e-03	7.23354000e-02	-2.70797000e-02	-1.03917000e-02	2.05537000e-01	-3.96230000e-03	-1.93531000e-04	-4.84313000e-04	4.09826574e-02	-4.96484044e-02	-8.72921787e-02	-3.17733261e-02	5.76556267e-02	8.55515794e-02	2.21425608e-02
4.45797160e-03	3.94210000e-02	-2.55497000e-02	-2.12468000e-02	2.20655000e-01	-4.19634000e-03	-1.89213000e-04	-4.84313000e-04	4.00367868e-02	-5.13925626e-02	-8.68668096e-02	-2.77623669e-02	6.15691359e-02	8.38655050e-02	1.48509395e-02
-3.12652190e-03	2.55324000e-02	-2.52854000e-02	-4.31017000e-02	2.20659000e-01	-4.17919000e-03	-2.40247000e-04	-4.84313000e-04	3.90850257e-02	-5.31064768e-02	-8.63264270e-02	-2.36860659e-02	6.52562485e-02	8.17354190e-02	7.45231680e-03
-1.17925741e-02	3.09302000e-02	-2.71088000e-02	-4.68533000e-02	2.07110000e-01	-4.15451000e-03	-3.27445000e-04	-3.60067000e-04	3.81275141e-02	-5.47891383e-02	-8.56717464e-02	-1.95540171e-02	6.87034064e-02	7.91725988e-02	0.00000000e+00
-1.01892546e-01	7.47765500e-02	-3.29369000e-02	-3.53537000e-02	1.96391000e-01	-3.99068000e-03	-5.04068000e-04	-9.54211000e-04	3.71643928e-02	-5.64395570e-02	-8.49036347e-02	-1.53759456e-02	7.18979340e-02	7.61906126e-02	-7.45231680e-03
-9.33481179e-02	4.17202000e-02	-2.86617000e-02	-3.28556000e-02	2.07561000e-01	-4.08043000e-03	-8.89856000e-04	-9.54211000e-04	3.61958037e-02	-5.80567616e-02	-8.40231088e-02	-1.11616852e-02	7.48280847e-02	7.28052482e-02	-1.48509395e-02
3.63606380e-03	6.60832000e-02	-3.11435000e-02	-3.41632000e-02	2.38418000e-01	-4.40179000e-03	-7.66058000e-04	-7.70633000e-04	3.52218891e-02	-5.96398004e-02	-8.30313346e-02	-6.92115450e-03	7.74830840e-02	6.90344287e-02	-2.21425608e-02
1.42840029e-02	4.76020500e-02	-3.00174000e-02	-3.19561000e-02	2.28890000e-01	-4.71636000e-03	-8.21486000e-04	-4.45814000e-04	3.42427924e-02	-6.11877418e-02	-8.19296251e-02	-2.66433400e-03	7.98531692e-02	6.48981182e-02	-2.92746445e-02
3.32010624e-02	4.14966000e-02	-3.45871000e-02	-2.43326000e-02	2.29646000e-01	-4.27716000e-03	-7.79810000e-04	-5.35886000e-04	3.32586577e-02	-6.26996748e-02	-8.07194391e-02	1.59875720e-03	8.19296251e-02	6.04182157e-02	-3.61958037e-02
2.02838147e-02	7.40446500e-02	-3.24687000e-02	-7.84208000e-02	2.28903000e-01	-4.36008000e-03	-6.05914000e-04	-6.20971000e-04	3.22696296e-02	-6.41747097e-02	-7.94023789e-02	5.85808560e-03	8.37048165e-02	5.56184392e-02	-4.28561713e-02
2.10343580e-02	5.09588500e-02	-2.07641000e-02	-6.22100000e-02	2.41302000e-01	-4.35746000e-03	-5.23921000e-04	-4.92695000e-04	3.12758538e-02	-6.56119785e-02	-7.79801883e-02	1.01036264e-02	8.51722157e-02	5.05242003e-02	-4.92077592e-02
1.10359880e-02	6.73300500e-02	-2.78229000e-02	-3.16363000e-02	2.36964000e-01	-3.95171000e-03	-5.83791000e-04	-4.51124000e-04	3.02774765e-02	-6.70106352e-02	-7.64547504e-02	1.43253871e-02	8.63264270e-02	4.51624696e-02	-5.52048040e-02
-2.01565049e-02	7.89425500e-02	-4.01830000e-02	-2.36520000e-02	2.57818000e-01	-4.52085000e-03	-6.69795000e-04	-5.50863000e-04	2.92746445e-02	-6.83698569e-02	-7.48280847e-02	1.85134314e-02	8.71632061e-02	3.95616338e-02	-6.08040970e-02
-9.24087995e-02	9.89930500e-02	-3.33900000e-02	-7.83777000e-02	2.44694000e-01	-4.22005000e-03	-8.28019000e-04	-5.22880000e-04	2.82675054e-02	-6.96888437e-02	-7.31023451e-02	2.26579022e-02	8.76794762e-02	3.37513458e-02	-6.59652951e-02
-6.31269852e-02	4.93152500e-02	-3.36582000e-02	-4.53313000e-02	2.50378000e-01	-4.22947000e-03	-8.16935000e-04	-3.37051000e-04	2.72562073e-02	-7.09668192e-02	-7.12798165e-02	2.67490452e-02	8.78733389e-02	2.77623669e-02	-7.06512117e-02
-3.88955762e-02	4.08993000e-02	-2.81084000e-02	-6.08482000e-02	2.44736000e-01	-4.35565000e-03	-7.88609000e-04	-4.66357000e-04	2.62408991e-02	-7.22030315e-02	-6.93629119e-02	3.07772312e-02	8.77440813e-02	2.16264049e-02	-7.48280847e-02
3.61813278e-02	9.54824400e-02	-2.49310000e-02	-9.23236000e-03	2.56730000e-01	-4.74075000e-03	-9.23518000e-04	-5.20252000e-04	2.52217301e-02	-7.33967531e-02	-6.73541693e-02	3.47329795e-02	8.72921787e-02	1.53759456e-02	-7.84658196e-02
1.16810239e-01	8.19000400e-02	-3.17987000e-02	-6.09243000e-02	2.57096000e-01	-4.56151000e-03	-7.08703000e-04	-5.85685000e-04	2.41988503e-02	-7.45472815e-02	-6.52562485e-02	3.86069799e-02	8.65192927e-02	9.04408100e-03	-8.15382065e-02
4.31393889e-02	8.19368000e-02	-2.52828000e-02	-6.07375000e-02	2.33202000e-01	-3.95207000e-03	-5.41719000e-04	-3.35307000e-04	2.31724102e-02	-7.56539395e-02	-6.30719270e-02	4.23901144e-02	8.54282655e-02	2.66433400e-03	-8.40231088e-02
-3.19877922e-02	3.21995000e-02	-3.25571000e-02	-6.07332000e-02	2.44784000e-01	-3.95983000e-03	-7.30016000e-04	-4.06028000e-04	2.21425608e-02	-7.67160759e-02	-6.08040970e-02	4.60734790e-02	8.40231088e-02	-3.72951880e-03	-8.59026227e-02
-3.36545001e-02	6.60769500e-02	-1.97640000e-02	-4.33958000e-02	2.33711000e-01	-3.61657000e-03	-8.83810000e-04	-4.06443000e-04	2.11094536e-02	-7.77330658e-02	-5.84557611e-02	4.96484044e-02	8.23089896e-02	-1.01036264e-02	-8.71632061e-02
3.26046255e-02	4.66983500e-02	-1.98711000e-02	-6.77971000e-02	2.38216000e-01	-3.65453000e-03	-6.17844000e-04	-3.56670000e-04	2.00732406e-02	-7.87043105e-02	-5.60300285e-02	5.31064768e-02	8.02922108e-02	-1.64242420e-02	-8.77957767e-02
-1.82684644e-02	3.20136000e-02	-1.24463000e-02	-6.90998000e-02	2.22816000e-01	-3.69140000e-03	-7.00167000e-04	-3.18141000e-04	1.90340743e-02	-7.96292385e-02	-5.35301111e-02	5.64395570e-02	7.79801883e-02	-2.26579022e-02	-8.77957767e-02
-5.19396688e-02	5.84239000e-02	-1.90614000e-02	-5.61174000e-02	2.30725000e-01	-4.16747000e-03	-6.68043000e-04	-4.28295000e-04	1.79921075e-02	-8.05073056e-02	-5.09593186e-02	5.96398004e-02	7.53814239e-02	-2.87716041e-02	-8.71632061e-02
-2.19635176e-02	7.94822500e-02	-2.21706000e-02	-1.72397000e-02	2.59440000e-01	-4.06916000e-03	-6.66549000e-04	-5.04098000e-04	1.69474936e-02	-8.13379949e-02	-4.83210550e-02	6.26996748e-02	7.25054733e-02	-3.47329795e-02	-8.59026227e-02
6.95123279e-02	7.14403500e-02	-2.71652000e-02	-5.24228000e-02	2.75974000e-01	-4.01187000e-03	-8.57975000e-04	-4.58241000e-04	1.59003862e-02	-8.21208176e-02	-4.56188132e-02	6.56119785e-02	6.93629119e-02	-4.05104671e-02	-8.40231088e-02
5.61277242e-02	9.37258500e-02	-1.58290000e-02	-7.92772000e-02	2.51912000e-01	-3.70930000e-03	-7.63550000e-04	-2.25771000e-04	1.48509395e-02	-8.28553131e-02	-4.28561713e-02	6.83698569e-02	6.59652951e-02	-4.60734790e-02	-8.15382065e-02
-2.27440005e-02	1.13184290e-01	-2.19331000e-02	2.94574000e-03	2.49601000e-01	-3.93706000e-03	-7.32418000e-04	-4.17804000e-04	1.37993077e-02	-8.35410491e-02	-4.00367868e-02	7.09668192e-02	6.23251164e-02	-5.13925626e-02	-7.84658196e-02
-2.33856880e-03	9.92098900e-02	-2.60110000e-02	-5.61794000e-02	2.76066000e-01	-3.95851000e-03	-6.78587000e-04	-5.33360000e-04	1.27456458e-02	-8.41776220e-02	-3.71643928e-02	7.33967531e-02	5.84557611e-02	-5.64395570e-02	-7.48280847e-02
4.11204839e-02	3.88407500e-02	-2.62007000e-02	-6.54712000e-02	2.73548000e-01	-4.12403000e-03	-6.47164000e-04	-1.93478000e-04	1.16901085e-02	-8.47646573e-02	-3.42427924e-02	7.56539395e-02	5.43714573e-02	-6.11877418e-02	-7.06512117e-02
1.61258058e-02	1.01686050e-01	-1.71015000e-02	-2.58238000e-02	2.52676000e-01	-3.80570000e-03	-3.99904000e-04	-1.17719000e-04	1.06328513e-02	-8.53018094e-02	-3.12758538e-02	7.77330658e-02	5.00872235e-02	-6.56119785e-02	-6.59652951e-02
-3.89414265e-02	5.98961845e-02	-2.18706000e-02	-6.29655000e-05	2.62216000e-01	-3.85739000e-03	-6.29130000e-04	-2.33328000e-04	9.57402980e-03	-8.57887623e-02	-2.82675054e-02	7.96292385e-02	4.56188132e-02	-6.96888437e-02	-6.08040970e-02
1.28143192e-02	7.61285845e-02	-2.49082000e-02	-2.59072000e-02	2.82358000e-01	-4.11120000e-03	-4.05237000e-04	-2.97720000e-04	8.51379960e-03	-8.62252294e-02	-2.52217301e-02	8.13379949e-02	4.09826574e-02	-7.33967531e-02	-5.52048040e-02
6.60247633e-02	5.65874500e-02	-2.40423000e-02	-5.51238000e-02	2.81722000e-01	-3.82375000e-03	-5.36266000e-04	-3.96620000e-04	7.45231680e-03	-8.66109538e-02	-2.21425608e-02	8.28553131e-02	3.61958037e-02	-7.67160759e-02	-4.92077592e-02
4.97400038e-02	5.48719500e-02	-4.02627000e-02	-5.90185000e-02	2.63843000e-01	-4.06898000e-03	-4.65667000e-04	-4.18348000e-04	6.38973760e-03	-8.69457086e-02	-1.90340743e-02	8.41776220e-02	3.12758538e-02	-7.96292385e-02	-4.28561713e-02
-6.90279784e-02	1.26522490e-01	-4.02142000e-02	-2.58796000e-03	2.17200000e-01	-4.01217000e-03	-6.28728000e-04	-6.66486000e-04	5.32621820e-03	-8.72292967e-02	-1.59003862e-02	8.53018094e-02	2.62408991e-02	-8.21208176e-02	-3.61958037e-02
-1.25467056e-01	8.60074400e-02	-3.51411000e-02	-4.34393000e-02	2.17180000e-01	-3.57325000e-03	-5.63098000e-04	-3.69776000e-04	4.26191520e-03	-8.74615512e-02	-1.27456458e-02	8.62252294e-02	2.11094536e-02	-8.41776220e-02	-2.92746445e-02
-7.98862659e-02	6.98323500e-02	-2.55343000e-02	-7.44435000e-02	2.35559000e-01	-3.70263000e-03	-4.84465000e-04	-3.78610000e-04	3.19698520e-03	-8.76423355e-02	-9.57402980e-03	8.69457086e-02	1.59003862e-02	-8.57887623e-02	-2.21425608e-02
1.29460090e-03	7.20630500e-02	-2.99378000e-02	-3.80113000e-02	2.48503000e-01	-3.46475000e-03	-5.56778000e-04	-4.34084000e-04	2.13158480e-03	-8.77715432e-02	-6.38973760e-03	8.74615512e-02	1.06328513e-02	-8.69457086e-02	-1.48509395e-02
9.24595169e-02	4.22666000e-02	-2.92155000e-02	-3.69285000e-02	2.54262000e-01	-4.03843000e-03	-4.56189000e-04	-4.14303000e-04	1.06587080e-03	-8.78490983e-02	-3.19698520e-03	8.77715432e-02	5.32621820e-03	-8.76423355e-02	-7.45231680e-03
6.16508998e-02	4.03547500e-02	-3.17329000e-02	-5.20618000e-02	2.40386000e-01	-4.15453000e-03	-4.81066000e-04	-3.78719000e-04	0.00000000e+00	-8.78749550e-02	-0.00000000e+00	8.78749550e-02	0.00000000e+00	-8.78749550e-02	-0.00000000e+00
-1.14372261e-02	1.01523000e-01	-2.59934000e-02	-3.91317000e-02	2.12735000e-01	-3.37722000e-03	-3.04329000e-04	-2.28718000e-04	-1.06587080e-03	-8.78490983e-02	3.19698520e-03	8.77715432e-02	-5.32621820e-03	-8.76423355e-02	7.45231680e-03
1.29051740e-03	1.11068100e-01	-2.79197000e-02	-1.39503000e-02	2.48580000e-01	-4.07667000e-03	-4.44251000e-04	-3.51654000e-04	-2.13158480e-03	-8.77715432e-02	6.38973760e-03	8.74615512e-02	-1.06328513e-02	-8.69457086e-02	1.48509395e-02
4.22603843e-02	5.09000500e-02	-3.13695000e-02	-3.72788000e-02	2.59291000e-01	-4.03733000e-03	-4.01125000e-04	-5.37403000e-04	-3.19698520e-03	-8.76423355e-02	9.57402980e-03	8.69457086e-02	-1.59003862e-02	-8.57887623e-02	2.21425608e-02
4.64334133e-02	7.80323500e-02	-2.67594000e-02	-5.78836000e-02	2.42406000e-01	-3.64794000e-03	-3.80551000e-04	-2.28718000e-04	-4.26191520e-03	-8.74615512e-02	1.27456458e-02	8.62252294e-02	-2.11094536e-02	-8.41776220e-02	2.92746445e-02
3.85709827e-02	3.48443500e-02	-2.59396000e-02	-4.77453000e-02	2.30406000e-01	-3.73344000e-03	-4.77362000e-04	-2.84132000e-04	-5.32621820e-03	-8.72292967e-02	1.59003862e-02	8.53018094e-02	-2.62408991e-02	-8.21208176e-02	3.61958037e-02
-6.24687835e-02	1.05563950e-01	-1.37383000e-02	-2.77919000e-02	2.06879000e-01	-3.48794000e-03	-8.31465000e-04	-6.82174000e-04	-6.38973760e-03	-8.69457086e-02	1.90340743e-02	8.41776220e-02	-3.12758538e-02	-7.96292385e-02	4.28561713e-02
-2.59334127e-02	9.48026000e-02	-2.20709000e-02	-1.05229000e-02	2.40739000e-01	-3.55521000e-03	-6.24845000e-04	-2.49244000e-04	-7.45231680e-03	-8.66109538e-02	2.21425608e-02	8.28553131e-02	-3.61958037e-02	-7.67160759e-02	4.92077592e-02
-1.97782921e-02	3.80789000e-02	-2.59769000e-02	-1.52032000e-02	2.40327000e-01	-3.89666000e-03	-7.66733000e-04	-1.50970000e-04	-8.51379960e-03	-8.62252294e-02	2.52217301e-02	8.13379949e-02	-4.09826574e-02	-7.33967531e-02	5.52048040e-02
-4.53562404e-02	4.24975000e-02	-2.83114000e-02	-3.79696000e-02	2.30962000e-01	-3.85456000e-03	-6.78111000e-04	-1.21060000e-04	-9.57402980e-03	-8.57887623e-02	2.82675054e-02	7.96292385e-02	-4.56188132e-02	-6.96888437e-02	6.08040970e-02
3.13768910e-03	5.54095550e-02	-4.01075000e-02	-3.00739000e-02	2.42230000e-01	-3.67278000e-03	-9.08235000e-04	-4.39689000e-05	-1.06328513e-02	-8.53018094e-02	3.12758538e-02	7.77330658e-02	-5.00872235e-02	-6.56119785e-02	6.59652951e-02
7.46543001e-02	5.42064550e-02	-4.01560000e-02	-5.37620000e-02	2.50318000e-01	-3.70348000e-03	-8.46015000e-04	-3.98686000e-04	-1.16901085e-02	-8.47646573e-02	3.42427924e-02	7.56539395e-02	-5.43714573e-02	-6.11877418e-02	7.06512117e-02
9.10698903e-02	6.27613500e-02	-3.39566000e-02	-8.26609000e-02	2.43038000e-01	-3.49053000e-03	-6.89381000e-04	-4.36763000e-04	-1.27456458e-02	-8.41776220e-02	3.71643928e-02	7.33967531e-02	-5.84557611e-02	-5.64395570e-02	7.48280847e-02
2.50669375e-02	9.68081000e-02	-2.85550000e-02	-3.83273000e-02	2.25561000e-01	-3.73951000e-03	-4.83291000e-04	-2.99915000e-04	-1.37993077e-02	-8.35410491e-02	4.00367868e-02	7.09668192e-02	-6.23251164e-02	-5.13925626e-02	7.84658196e-02
-7.21570071e-02	5.35885900e-02	-2.94024000e-02	-8.77686000e-03	2.20494000e-01	-3.54859000e-03	-6.47583000e-04	-3.07178000e-04	-1.48509395e-02	-8.28553131e-02	4.28561713e-02	6.83698569e-02	-6.59652951e-02	-4.60734790e-02	8.15382065e-02
-4.42452508e-02	6.59541900e-02	-4.01437000e-02	-1.98689000e-02	2.46534000e-01	-3.56543000e-03	-8.26264000e-04	-1.41082000e-04	-1.59003862e-02	-8.21208176e-02	4.56188132e-02	6.56119785e-02	-6.93629119e-02	-4.05104671e-02	8.40231088e-02
3.57690488e-02	6.03592000e-02	-4.59084000e-02	-4.30419000e-02	2.47277000e-01	-3.73435000e-03	-5.66177000e-04	-3.25645000e-04	-1.69474936e-02	-8.13379949e-02	4.83210550e-02	6.26996748e-02	-7.25054733e-02	-3.47329795e-02	8.59026227e-02
4.98525660e-02	4.88559500e-02	-4.23525000e-02	-2.28639000e-02	2.25580000e-01	-3.74855000e-03	-5.59967000e-04	-3.73736000e-04	-1.79921075e-02	-8.05073056e-02	5.09593186e-02	5.96398004e-02	-7.53814239e-02	-2.87716041e-02	8.71632061e-02
1.39592306e-02	5.93744500e-02	-4.48256000e-02	5.24410000e-03	2.25531000e-01	-3.61913000e-03	-6.95490000e-04	-6.83680000e-04	-1.90340743e-02	-7.96292385e-02	5.35301111e-02	5.64395570e-02	-7.79801883e-02	-2.26579022e-02	8.77957767e-02
-1.62128990e-02	8.90366000e-02	-4.03157000e-02	-4.07068000e-02	2.25526000e-01	-3.31395000e-03	-2.95085000e-04	-6.17849000e-04	-2.00732406e-02	-7.87043105e-02	5.60300285e-02	5.31064768e-02	-8.02922108e-02	-1.64242420e-02	8.77957767e-02
-8.05005660e-03	3.75322500e-02	-4.60040000e-02	-2.58385000e-02	2.25538000e-01	-3.38886000e-03	-4.73912000e-04	-5.32313000e-04	-2.11094536e-02	-7.77330658e-02	5.84557611e-02	4.96484044e-02	-8.23089896e-02	-1.01036264e-02	8.71632061e-02
-1.20306630e-03	4.16138400e-02	-4.48576000e-02	-7.53261000e-03	2.32332000e-01	-3.29538000e-03	-5.25471000e-04	-6.94625000e-04	-2.21425608e-02	-7.67160759e-02	6.08040970e-02	4.60734790e-02	-8.40231088e-02	-3.72951880e-03	8.59026227e-02
2.00938695e-02	4.92088400e-02	-4.02465000e-02	-3.83490000e-02	2.33856000e-01	-3.37679000e-03	-4.82328000e-04	-5.74031000e-04	-2.31724102e-02	-7.56539395e-02	6.30719270e-02	4.23901144e-02	-8.54282655e-02	2.66433400e-03	8.40231088e-02
2.19932649e-02	5.65001000e-02	-3.43008000e-02	-5.90501000e-02	2.25560000e-01	-3.20653000e-03	-5.35927000e-04	-3.66744000e-04	-2.41988503e-02	-7.45472815e-02	6.52562485e-02	3.86069799e-02	-8.65192927e-02	9.04408100e-03	8.15382065e-02
-2.57657530e-02	8.57404500e-02	-3.77277000e-02	1.08075000e-02	2.25547000e-01	-3.43917000e-03	-5.42377000e-04	-3.56975000e-04	-2.52217301e-02	-7.33967531e-02	6.73541693e-02	3.47329795e-02	-8.72921787e-02	1.53759456e-02	7.84658196e-02
-4.96379302e-02	6.33588000e-02	-5.49513000e-02	-3.97215000e-03	2.25506000e-01	-3.18434000e-03	-4.04383000e-04	-5.90442000e-04	-2.62408991e-02	-7.22030315e-02	6.93629119e-02	3.07772312e-02	-8.77440813e-02	2.16264049e-02	7.48280847e-02
-2.89358642e-02	3.17197000e-02	-5.70315000e-02	-2.20668000e-02	2.25540000e-01	-3.19558000e-03	-5.73649000e-04	-5.40731000e-04	-2.72562073e-02	-7.09668192e-02	7.12798165e-02	2.67490452e-02	-8.78733389e-02	2.77623669e-02	7.06512117e-02
2.48984439e-02	5.04898700e-02	-6.26474000e-02	-8.33353000e-03	2.25496000e-01	-3.42450000e-03	-3.06677000e-04	-6.66773000e-04	-2.82675054e-02	-6.96888437e-02	7.31023451e-02	2.26579022e-02	-8.76794762e-02	3.37513458e-02	6.59652951e-02
2.17813344e-02	4.00864000e-02	-5.93645000e-02	-9.36883000e-03	2.20194000e-01	-3.04122000e-03	-4.02300000e-04	-5.36352000e-04	-2.92746445e-02	-6.83698569e-02	7.48280847e-02	1.85134314e-02	-8.71632061e-02	3.95616338e-02	6.08040970e-02
-2.99726506e-02	3.76442200e-02	-6.59347000e-02	-5.16856000e-03	2.05719000e-01	-2.87533000e-03	-4.65004000e-04	-5.16971000e-04	-3.02774765e-02	-6.70106352e-02	7.64547504e-02	1.43253871e-02	-8.63264270e-02	4.51624696e-02	5.52048040e-02
-9.68390240e-03	9.81099400e-02	-6.82847000e-02	-6.15491000e-02	2.25497000e-01	-3.00082000e-03	-2.52614000e-04	-5.71119000e-04	-3.12758538e-02	-6.56119785e-02	7.79801883e-02	1.01036264e-02	-8.51722157e-02	5.05242003e-02	4.92077592e-02
4.36861541e-02	1.21183440e-01	-6.70043000e-02	6.46864000e-03	2.25669000e-01	-3.88552000e-03	-3.93853000e-04	-5.62792000e-04	-3.22696296e-02	-6.41747097e-02	7.94023789e-02	5.85808560e-03	-8.37048165e-02	5.56184392e-02	4.28561713e-02
4.57297005e-02	1.22069590e-01	-8.08637000e-02	-4.27220000e-02	2.17049000e-01	-3.33442000e-03	-2.45480000e-04	-8.71310000e-04	-3.32586577e-02	-6.26996748e-02	8.07194391e-02	1.59875720e-03	-8.19296251e-02	6.04182157e-02	3.61958037e-02
-5.77040110e-03	8.36202900e-02	-9.13963000e-02	-4.05111000e-02	1.86398000e-01	-2.69667000e-03	-7.87152000e-05	-8.71309000e-04	-3.42427924e-02	-6.11877418e-02	8.19296251e-02	-2.66433400e-03	-7.98531692e-02	6.48981182e-02	2.92746445e-02
-1.13590876e-01	1.22614460e-01	-5.99853000e-02	-3.22797000e-02	1.60719000e-01	-2.13986000e-03	2.06656000e-04	-5.67629000e-04	-3.52218891e-02	-5.96398004e-02	8.30313346e-02	-6.92115450e-03	-7.74830840e-02	6.90344287e-02	2.21425608e-02
-1.82608734e-01	6.65312990e-02	-5.39549000e-02	1.80899000e-04	1.56216000e-01	-2.04652000e-03	1.32931000e-04	-8.71310000e-04	-3.61958037e-02	-5.80567616e-02	8.40231088e-02	-1.11616852e-02	-7.48280847e-02	7.28052482e-02	1.48509395e-02
-1.61996205e-01	5.81804360e-02	-5.71301000e-02	2.99224000e-03	1.82688000e-01	-2.21589000e-03	8.63481000e-05	-5.72825000e-04	-3.71643928e-02	-5.64395570e-02	8.49036347e-02	-1.53759456e-02	-7.18979340e-02	7.61906126e-02	7.45231680e-03
-2.92149229e-02	9.36362600e-02	-6.00154000e-02	-2.66207000e-02	2.13220000e-01	-2.67306000e-03	-6.64183000e-05	-5.70641000e-04	-3.81275141e-02	-5.47891383e-02	8.56717464e-02	-1.95540171e-02	-6.87034064e-02	7.91725988e-02	0.00000000e+00
1.06762036e-01	2.73787850e-02	-6.55308000e-02	-2.66997000e-02	2.17076000e-01	-2.92140000e-03	-1.18025000e-04	-6.29262000e-04	-3.90850257e-02	-5.31064768e-02	8.63264270e-02	-2.36860659e-02	-6.52562485e-02	8.17354190e-02	-7.45231680e-03
1.32865985e-01	3.72577050e-02	-6.87743000e-02	-2.21208000e-02	2.10967000e-01	-2.76309000e-03	-5.18559000e-05	-8.71309000e-04	-4.00367868e-02	-5.13925626e-02	8.68668096e-02	-2.77623669e-02	-6.15691359e-02	8.38655050e-02	-1.48509395e-02
5.13746600e-03	6.38828050e-02	-5.54648000e-02	-4.77967000e-02	2.14062000e-01	-3.04989000e-03	-2.01104000e-04	-8.71309000e-04	-4.09826574e-02	-4.96484044e-02	8.72921787e-02	-3.17733261e-02	-5.76556267e-02	8.55515794e-02	-2.21425608e-02
-1.22807711e-02	1.27277350e-01	-5.32800000e-02	-1.39504000e-02	2.61893000e-01	-3.37721000e-03	-2.39472000e-04	-3.68692000e-04	-4.19224983e-02	-4.78750287e-02	8.76019711e-02	-3.57095031e-02	-5.35301111e-02	8.67847154e-02	-2.92746445e-02
-1.42989034e-02	8.04769000e-02	-6.30177000e-02	1.18660000e-02	2.76098000e-01	-3.36131000e-03	-3.35311000e-04	-8.71309000e-04	-4.28561713e-02	-4.60734790e-02	8.77957767e-02	-3.95616338e-02	-4.92077592e-02	8.75583845e-02	-3.61958037e-02
-1.44953397e-02	8.85574000e-02	-8.36888000e-02	-2.69305000e-02	2.65267000e-01	-3.43960000e-03	-1.39223000e-04	-7.80511000e-04	-4.37835389e-02	-4.42448155e-02	8.78733389e-02	-4.33206518e-02	-4.47044647e-02	8.78684906e-02	-4.28561713e-02
1.39221889e-02	4.26292500e-02	-8.08357000e-02	-4.77167000e-02	2.65106000e-01	-3.18126000e-03	-1.11782000e-04	-8.71309000e-04	-4.47044647e-02	-4.23901144e-02	8.78345550e-02	-4.69777097e-02	-4.00367868e-02	8.77133919e-02	-4.92077592e-02
3.89813874e-02	7.91795450e-02	-8.08526000e-02	-3.27401000e-02	2.38159000e-01	-2.53291000e-03	-1.53511000e-05	-8.71309000e-04	-4.56188132e-02	-4.05104671e-02	8.76794762e-02	-5.05242003e-02	-3.52218891e-02	8.70939096e-02	-5.52048040e-02
8.29788172e-02	8.88499050e-02	-9.76703000e-02	-1.18097000e-02	2.51290000e-01	-3.13135000e-03	1.45625000e-04	-8.71309000e-04	-4.65264500e-02	-3.86069799e-02	8.74083081e-02	-5.39517764e-02	-3.02774765e-02	8.60133233e-02	-6.08040970e-02
6.63597159e-02	6.15948500e-02	-8.36545000e-02	-2.16323000e-02	2.36421000e-01	-2.73611000e-03	2.08134000e-04	-8.71309000e-04	-4.74272414e-02	-3.66807728e-02	8.70214095e-02	-5.72523710e-02	-2.52217301e-02	8.44773541e-02	-6.59652951e-02
2.09200323e-02	6.03508500e-02	-8.16205000e-02	-3.55434000e-02	2.29134000e-01	-2.54482000e-03	3.97023000e-04	-5.09113000e-04	-4.83210550e-02	-3.47329795e-02	8.65192927e-02	-6.04182157e-02	-2.00732406e-02	8.24941340e-02	-7.06512117e-02
-2.83736212e-02	1.12231700e-01	-8.13839000e-02	3.14759000e-02	2.29502000e-01	-2.72015000e-03	-2.08004000e-04	-3.97314000e-04	-4.92077592e-02	-3.27647462e-02	8.59026227e-02	-6.34418593e-02	-1.48509395e-02	8.00741626e-02	-7.48280847e-02
-8.67336640e-03	7.43604350e-02	-1.00967000e-01	1.10164000e-02	2.35551000e-01	-2.76670000e-03	-1.08013000e-05	-7.18938000e-04	-5.00872235e-02	-3.07772312e-02	8.51722157e-02	-6.63161853e-02	-9.57402980e-03	7.72302522e-02	-7.84658196e-02
-6.06599060e-03	6.37256250e-02	-1.17411000e-01	5.07754000e-03	2.26634000e-01	-2.76670000e-03	1.67342000e-04	-1.18931000e-03	-5.09593186e-02	-2.87716041e-02	8.43290390e-02	-6.90344287e-02	-4.26191520e-03	7.39774594e-02	-8.15382065e-02
-3.74332425e-02	5.85830900e-02	-1.12573000e-01	-2.16572000e-02	2.19538000e-01	-2.70583000e-03	1.86757000e-04	-8.71308000e-04	-5.18239162e-02	-2.67490452e-02	8.33742089e-02	-7.15901918e-02	1.06587080e-03	7.03330054e-02	-8.40231088e-02
-2.59128733e-02	9.58733000e-02	-1.12423000e-01	2.94848000e-02	2.45986000e-01	-3.00470000e-03	1.83626000e-04	-9.31973000e-04	-5.26808891e-02	-2.47107447e-02	8.23089896e-02	-7.39774594e-02	6.38973760e-03	6.63161853e-02	-8.59026227e-02
2.18583251e-02	6.35960000e-02	-1.09917000e-01	-3.29920000e-03	2.53517000e-01	-3.17054000e-03	3.72527000e-04	-9.92732000e-04	-5.35301111e-02	-2.26579022e-02	8.11347914e-02	-7.61906126e-02	1.16901085e-02	6.19482655e-02	-8.71632061e-02
3.52894805e-02	4.58065500e-02	-1.17463000e-01	-2.54280000e-02	2.43442000e-01	-3.19763000e-03	3.54230000e-04	-1.06848000e-03	-5.43714573e-02	-2.05917258e-02	7.98531692e-02	-7.82244426e-02	1.69474936e-02	5.72523710e-02	-8.77957767e-02
-6.80600230e-03	5.97085000e-02	-1.06293000e-01	-3.01391000e-02	2.29286000e-01	-2.67199000e-03	3.41352000e-04	-1.01357000e-03	-5.52048040e-02	-1.85134314e-02	7.84658196e-02	-8.00741626e-02	2.21425608e-02	5.22533636e-02	-8.77957767e-02
-3.10698241e-02	6.38157500e-02	-1.11872000e-01	1.68922000e-02	2.30028000e-01	-2.75042000e-03	3.01373000e-04	-1.10443000e-03	-5.60300285e-02	-1.64242420e-02	7.69745797e-02	-8.17354190e-02	2.72562073e-02	4.69777097e-02	-8.71632061e-02
-3.62445600e-03	5.78735500e-02	-1.17503000e-01	3.28934000e-02	2.51366000e-01	-2.86174000e-03	3.20830000e-04	-1.27172000e-03	-5.68470095e-02	-1.43253871e-02	7.53814239e-02	-8.32043019e-02	3.22696296e-02	4.14533402e-02	-8.59026227e-02
1.51214767e-02	6.26725000e-02	-1.17507000e-01	-2.28678000e-02	2.48409000e-01	-2.91498000e-03	3.46596000e-04	-1.27172000e-03	-5.76556267e-02	-1.22181018e-02	7.36884615e-02	-8.44773541e-02	3.71643928e-02	3.57095031e-02	-8.40231088e-02
7.24577620e-03	3.71854500e-02	-1.20777000e-01	-1.89708000e-02	2.46167000e-01	-2.68625000e-03	5.48115000e-04	-1.14644000e-03	-5.84557611e-02	-1.01036264e-02	7.18979340e-02	-8.55515794e-02	4.19224983e-02	2.97766081e-02	-8.15382065e-02
-7.92395790e-03	7.58579000e-02	-1.17522000e-01	2.57737000e-02	2.51278000e-01	-2.53459000e-03	3.70107000e-04	-1.27172000e-03	-5.92472950e-02	-7.98320500e-03	7.00122121e-02	-8.64244493e-02	4.65264500e-02	2.36860659e-02	-7.84658196e-02
-2.28247880e-03	5.08007500e-02	-1.31831000e-01	2.14173000e-02	2.65553000e-01	-2.69019000e-03	4.43424000e-04	-1.40001000e-03	-6.00301121e-02	-5.85808560e-03	6.80337927e-02	-8.70939096e-02	5.09593186e-02	1.74701218e-02	-7.48280847e-02
4.76691679e-02	7.18093000e-02	-1.16897000e-01	-2.37694000e-02	2.63506000e-01	-2.74494000e-03	4.33632000e-04	-1.27172000e-03	-6.08040970e-02	-3.72951880e-03	6.59652951e-02	-8.75583845e-02	5.52048040e-02	1.11616852e-02	-7.06512117e-02
1.88712706e-02	7.25906060e-02	-1.03868000e-01	7.96856000e-04	2.51318000e-01	-2.44227000e-03	2.80155000e-04	-1.27172000e-03	-6.15691359e-02	-1.59875720e-03	6.38094580e-02	-8.78167809e-02	5.92472950e-02	4.79415490e-03	-6.59652951e-02
-5.34091034e-02	5.08110060e-02	-1.16843000e-01	-6.45970000e-03	2.51357000e-01	-2.92043000e-03	3.02054000e-04	-1.16097000e-03	-6.23251164e-02	5.32945200e-04	6.15691359e-02	-8.78684906e-02	6.30719270e-02	-1.59875720e-03	-6.08040970e-02
-1.25281550e-01	1.07885950e-01	-1.25487000e-01	2.92413000e-02	2.51304000e-01	-2.69585000e-03	5.17373000e-04	-1.99083000e-03	-6.30719270e-02	2.66433400e-03	5.92472950e-02	-8.77133919e-02	6.66646363e-02	-7.98320500e-03	-5.52048040e-02
-6.39747887e-02	1.96960000e-01	-8.31006000e-02	-1.44313000e-02	2.81545000e-01	-3.30891000e-03	1.31643000e-04	-2.60524000e-03	-6.38094580e-02	4.79415490e-03	5.68470095e-02	-8.73518499e-02	7.00122121e-02	-1.43253871e-02	-4.92077592e-02
2.71297642e-02	7.67228200e-02	-9.60337000e-02	-4.13728000e-03	2.82173000e-01	-3.07441000e-03	-1.60891000e-04	-2.07492000e-03	-6.45376009e-02	6.92115450e-03	5.43714573e-02	-8.67847154e-02	7.31023451e-02	-2.05917258e-02	-4.28561713e-02
-1.54112894e-02	1.02126480e-01	-1.03086000e-01	2.55342000e-02	2.47259000e-01	-3.51289000e-03	-3.20415000e-04	-2.08669000e-03	-6.52562485e-02	9.04408100e-03	5.18239162e-02	-8.60133233e-02	7.59236724e-02	-2.67490452e-02	-3.61958037e-02
3.12294529e-02	8.32335200e-02	-8.54424000e-02	-3.05722000e-03	2.51093000e-01	-2.93839000e-03	-3.20415000e-04	-1.99790000e-03	-6.59652951e-02	1.11616852e-02	4.92077592e-02	-8.50394892e-02	7.84658196e-02	-3.27647462e-02	-2.92746445e-02
7.59192953e-02	6.67413300e-02	-7.91594000e-02	-1.34026000e-02	2.70795000e-01	-2.81498000e-03	-5.37334000e-04	-1.73001000e-03	-6.66646363e-02	1.32727209e-02	4.65264500e-02	-8.38655050e-02	8.07194391e-02	-3.86069799e-02	-2.21425608e-02
1.20032492e-01	4.80374800e-02	-8.74624000e-02	4.99118000e-03	2.64002000e-01	-2.82231000e-03	-3.31440000e-04	-1.80774000e-03	-6.73541693e-02	1.53759456e-02	4.37835389e-02	-8.24941340e-02	8.26762441e-02	-4.42448155e-02	-1.48509395e-02
4.19693526e-02	7.98884700e-02	-9.97639000e-02	3.61181000e-02	2.72075000e-01	-3.00428000e-03	-1.71009000e-04	-2.03308000e-03	-6.80337927e-02	1.74701218e-02	4.09826574e-02	-8.09286037e-02	8.43290390e-02	-4.96484044e-02	-7.45231680e-03
-6.08185006e-02	6.46954000e-02	-1.09564000e-01	2.77889000e-02	2.86140000e-01	-2.51263000e-03	-2.09151000e-04	-2.15331000e-03	-6.87034064e-02	1.95540171e-02	3.81275141e-02	-7.91725988e-02	8.56717464e-02	-5.47891383e-02	-0.00000000e+00
-4.08686213e-02	3.28263000e-02	-1.14843000e-01	3.09020000e-02	3.02894000e-01	-2.57451000e-03	-2.39035000e-04	-2.21515000e-03	-6.93629119e-02	2.16264049e-02	3.52218891e-02	-7.72302522e-02	8.66994291e-02	-5.96398004e-02	7.45231680e-03
2.76134060e-03	6.42035000e-02	-1.14723000e-01	2.24349000e-02	2.86298000e-01	-3.11743000e-03	-4.76523000e-04	-2.21515000e-03	-7.00122121e-02	2.36860659e-02	3.22696296e-02	-7.51061356e-02	8.74083081e-02	-6.41747097e-02	1.48509395e-02
-3.35149969e-02	6.84522500e-02	-1.12104000e-01	3.64092000e-02	2.73341000e-01	-2.62902000e-03	-3.88944000e-04	-2.01310000e-03	-7.06512117e-02	2.57317879e-02	2.92746445e-02	-7.28052482e-02	8.77957767e-02	-6.83698569e-02	2.21425608e-02
-1.41370680e-03	4.14944000e-02	-1.07744000e-01	2.15039000e-02	2.78220000e-01	-2.43040000e-03	-5.22946000e-04	-2.02748000e-03	-7.12798165e-02	2.77623669e-02	2.62408991e-02	-7.03330054e-02	8.78604103e-02	-7.22030315e-02	2.92746445e-02
4.96040850e-02	2.90724500e-02	-9.71340000e-02	2.87277000e-02	2.73993000e-01	-2.47203000e-03	-5.31459000e-04	-2.11757000e-03	-7.18979340e-02	2.97766081e-02	2.31724102e-02	-6.76952260e-02	8.76019711e-02	-7.56539395e-02	3.61958037e-02
4.43568784e-02	3.82811000e-02	-1.04047000e-01	3.25057000e-02	2.86144000e-01	-2.55113000e-03	-3.99357000e-04	-2.21515000e-03	-7.25054733e-02	3.17733261e-02	2.00732406e-02	-6.48981182e-02	8.70214095e-02	-7.87043105e-02	4.28561713e-02
1.56936983e-02	2.24858500e-02	-1.02342000e-01	3.47233000e-02	2.89660000e-01	-2.55214000e-03	-4.86342000e-04	-2.00220000e-03	-7.31023451e-02	3.37513458e-02	1.69474936e-02	-6.19482655e-02	8.61208602e-02	-8.13379949e-02	4.92077592e-02
3.53718280e-03	8.61179600e-02	-9.94186000e-02	1.32239000e-03	2.79679000e-01	-2.00458000e-03	-4.50599000e-04	-2.21515000e-03	-7.36884615e-02	3.57095031e-02	1.37993077e-02	-5.88526104e-02	8.49036347e-02	-8.35410491e-02	5.52048040e-02
3.87893539e-02	7.92342600e-02	-9.39960000e-02	3.69353000e-02	2.86270000e-01	-2.62385000e-03	-4.63484000e-04	-2.21515000e-03	-7.42637362e-02	3.76466458e-02	1.06328513e-02	-5.56184392e-02	8.33742089e-02	-8.53018094e-02	6.08040970e-02
8.07245845e-02	2.77470000e-02	-9.59353000e-02	3.93625000e-02	2.89164000e-01	-2.40774000e-03	-6.57104000e-04	-2.21515000e-03	-7.48280847e-02	3.95616338e-02	7.45231680e-03	-5.22533636e-02	8.15382065e-02	-8.66109538e-02	6.59652951e-02
1.91620487e-02	2.21777000e-02	-1.00314000e-01	3.87942000e-02	2.86272000e-01	-2.42211000e-03	-3.84700000e-04	-2.21515000e-03	-7.53814239e-02	4.14533402e-02	4.26191520e-03	-4.87653039e-02	7.94023789e-02	-8.74615512e-02	7.06512117e-02
-1.84510522e-02	6.80730000e-02	-9.51591000e-02	1.41152000e-02	2.86333000e-01	-2.69840000e-03	-4.81872000e-04	-1.82505000e-03	-7.59236724e-02	4.33206518e-02	1.06587080e-03	-4.51624696e-02	7.69745797e-02	-8.78490983e-02	7.48280847e-02
-6.46711700e-03	5.73600500e-02	-9.36197000e-02	3.90854000e-02	2.98438000e-01	-2.83182000e-03	-6.16961000e-04	-1.71865000e-03	-7.64547504e-02	4.51624696e-02	-2.13158480e-03	-4.14533402e-02	7.42637362e-02	-8.77715432e-02	7.84658196e-02
1.66348679e-02	7.37505500e-02	-8.92918000e-02	1.56331000e-02	2.86315000e-01	-2.33909000e-03	-5.32914000e-04	-1.81882000e-03	-7.69745797e-02	4.69777097e-02	-5.32621820e-03	-3.76466458e-02	7.12798165e-02	-8.72292967e-02	8.15382065e-02
-2.53985497e-02	5.08551000e-02	-8.71603000e-02	4.00246000e-02	2.86389000e-01	-2.59846000e-03	-5.76926000e-04	-1.63704000e-03	-7.74830840e-02	4.87653039e-02	-8.51379960e-03	-3.37513458e-02	6.80337927e-02	-8.62252294e-02	8.40231088e-02
-3.72737202e-02	4.98383000e-02	-8.92416000e-02	1.75919000e-02	2.86316000e-01	-2.28953000e-03	-4.96710000e-04	-1.52116000e-03	-7.79801883e-02	5.05242003e-02	-1.16901085e-02	-2.97766081e-02	6.45376009e-02	-8.47646573e-02	8.59026227e-02
-3.82367450e-02	7.12054500e-02	-8.58138000e-02	5.79461000e-02	2.86384000e-01	-2.64211000e-03	-5.02709000e-04	-1.33263000e-03	-7.84658196e-02	5.22533636e-02	-1.48509395e-02	-2.57317879e-02	6.08040970e-02	-8.28553131e-02	8.71632061e-02
7.23869800e-04	6.25284000e-02	-1.00189000e-01	4.73083000e-02	2.96104000e-01	-2.37069000e-03	-6.35837000e-04	-1.48399000e-03	-7.89399064e-02	5.39517764e-02	-1.79921075e-02	-2.16264049e-02	5.68470095e-02	-8.05073056e-02	8.77957767e-02
7.51651060e-03	3.56196500e-02	-9.64297000e-02	3.85251000e-02	2.91673000e-01	-2.60799000e-03	-6.54780000e-04	-1.36731000e-03	-7.94023789e-02	5.56184392e-02	-2.11094536e-02	-1.74701218e-02	5.26808891e-02	-7.77330658e-02	8.77957767e-02
-7.73469020e-03	4.93563500e-02	-9.51010000e-02	3.12952000e-02	2.76217000e-01	-2.23502000e-03	-6.37595000e-04	-1.48399000e-03	-7.98531692e-02	5.72523710e-02	-2.41988503e-02	-1.32727209e-02	4.83210550e-02	-7.45472815e-02	8.71632061e-02
-4.84904284e-02	6.98892000e-02	-1.12733000e-01	5.41487000e-02	2.60791000e-01	-1.99492000e-03	-6.77049000e-04	-1.48399000e-03	-8.02922108e-02	5.88526104e-02	-2.72562073e-02	-9.04408100e-03	4.37835389e-02	-7.09668192e-02	8.59026227e-02
-2.99210062e-02	1.00241150e-01	-1.12838000e-01	6.88261000e-02	2.92300000e-01	-2.62682000e-03	-6.73364000e-04	-1.92740000e-03	-8.07194391e-02	6.04182157e-02	-3.02774765e-02	-4.79415490e-03	3.90850257e-02	-6.70106352e-02	8.40231088e-02
-2.47802590e-02	6.33121500e-02	-1.09565000e-01	3.30521000e-02	2.90064000e-01	-2.57986000e-03	-6.57451000e-04	-1.54969000e-03	-8.11347914e-02	6.19482655e-02	-3.32586577e-02	-5.32945200e-04	3.42427924e-02	-6.26996748e-02	8.15382065e-02
1.78276336e-02	3.76365000e-02	-1.07402000e-01	3.19941000e-02	2.85968000e-01	-2.81969000e-03	-4.83991000e-04	-1.74279000e-03	-8.15382065e-02	6.34418593e-02	-3.61958037e-02	3.72951880e-03	2.92746445e-02	-5.80567616e-02	7.84658196e-02
9.99455910e-03	5.27183000e-02	-1.00951000e-01	2.24092000e-02	2.81999000e-01	-3.19325000e-03	-4.92309000e-04	-2.01518000e-03	-8.19296251e-02	6.48981182e-02	-3.90850257e-02	7.98320500e-03	2.41988503e-02	-5.31064768e-02	7.48280847e-02
-1.12563638e-02	8.27350500e-02	-1.00642000e-01	5.86238000e-02	2.81891000e-01	-2.50390000e-03	-6.37248000e-04	-1.92740000e-03	-8.23089896e-02	6.63161853e-02	-4.19224983e-02	1.22181018e-02	1.90340743e-02	-4.78750287e-02	7.06512117e-02
-5.50184898e-02	6.08190000e-02	-1.02889000e-01	2.65283000e-02	2.72698000e-01	-2.38558000e-03	-6.18958000e-04	-1.71834000e-03	-8.26762441e-02	6.76952260e-02	-4.47044647e-02	1.64242420e-02	1.37993077e-02	-4.23901144e-02	6.59652951e-02
-1.13682135e-01	5.47768000e-02	-1.14171000e-01	2.09547000e-02	2.59343000e-01	-2.02400000e-03	-7.23632000e-04	-1.69327000e-03	-8.30313346e-02	6.90344287e-02	-4.74272414e-02	2.05917258e-02	8.51379960e-03	-3.66807728e-02	6.08040970e-02
-4.43274587e-02	8.28648500e-02	-1.00254000e-01	4.50690000e-02	2.95104000e-01	-2.13927000e-03	-7.51553000e-04	-1.73153000e-03	-8.33742089e-02	7.03330054e-02	-5.00872235e-02	2.47107447e-02	3.19698520e-03	-3.07772312e-02	5.52048040e-02
2.54999496e-02	5.81374000e-02	-9.20393000e-02	1.84799000e-02	2.86435000e-01	-2.02759000e-03	-8.35185000e-04	-1.63355000e-03	-8.37048165e-02	7.15901918e-02	-5.26808891e-02	2.87716041e-02	-2.13158480e-03	-2.47107447e-02	4.92077592e-02
7.17949558e-02	7.19784900e-02	-8.60293000e-02	1.45141000e-03	2.77930000e-01	-1.61297000e-03	-9.53215000e-04	-1.35750000e-03	-8.40231088e-02	7.28052482e-02	-5.52048040e-02	3.27647462e-02	-7.45231680e-03	-1.85134314e-02	4.28561713e-02
9.29806803e-02	8.41667400e-02	-8.34279000e-02	3.49058000e-02	2.93714000e-01	-1.99046000e-03	-7.99346000e-04	-1.47268000e-03	-8.43290390e-02	7.39774594e-02	-5.76556267e-02	3.66807728e-02	-1.27456458e-02	-1.22181018e-02	3.61958037e-02
4.05204578e-02	4.41498000e-02	-8.41552000e-02	4.37711000e-02	2.87848000e-01	-1.85409000e-03	-1.13360000e-03	-1.57588000e-03	-8.46225620e-02	7.51061356e-02	-6.00301121e-02	4.05104671e-02	-1.79921075e-02	-5.85808560e-03	2.92746445e-02
-5.47663334e-02	2.64451000e-02	-9.14585000e-02	3.13893000e-02	2.87809000e-01	-1.83034000e-03	-1.13360000e-03	-1.46521000e-03	-8.49036347e-02	7.61906126e-02	-6.23251164e-02	4.42448155e-02	-2.31724102e-02	5.32945200e-04	2.21425608e-02
-9.44628837e-02	5.18960500e-02	-9.33854000e-02	1.59439000e-02	2.74072000e-01	-1.66033000e-03	-9.02235000e-04	-1.47957000e-03	-8.51722157e-02	7.72302522e-02	-6.45376009e-02	4.78750287e-02	-2.82675054e-02	6.92115450e-03	1.48509395e-02
-6.23529432e-02	1.21102600e-01	-9.69621000e-02	5.96430000e-02	2.93898000e-01	-2.38317000e-03	-7.99289000e-04	-1.73380000e-03	-8.54282655e-02	7.82244426e-02	-6.66646363e-02	5.13925626e-02	-3.32586577e-02	1.32727209e-02	7.45231680e-03
1.02653910e-02	4.93733000e-02	-1.04082000e-01	6.16361000e-02	3.02860000e-01	-1.80943000e-03	-8.05705000e-04	-1.77961000e-03	-8.56717464e-02	7.91725988e-02	-6.87034064e-02	5.47891383e-02	-3.81275141e-02	1.95540171e-02	-0.00000000e+00
4.53881832e-02	4.57223000e-02	-9.34795000e-02	4.32439000e-02	2.91977000e-01	-1.82553000e-03	-7.73443000e-04	-1.71108000e-03	-8.59026227e-02	8.00741626e-02	-7.06512117e-02	5.80567616e-02	-4.28561713e-02	2.57317879e-02	-7.45231680e-03
-8.01999980e-03	5.92112000e-02	-1.10206000e-01	5.69275000e-02	2.77173000e-01	-1.62115000e-03	-7.39431000e-04	-1.66953000e-03	-8.61208602e-02	8.09286037e-02	-7.25054733e-02	6.11877418e-02	-4.74272414e-02	3.17733261e-02	-1.48509395e-02
-7.17874980e-03	7.39158500e-02	-1.10324000e-01	1.49063000e-02	2.86251000e-01	-1.69489000e-03	-6.17068000e-04	-1.92740000e-03	-8.63264270e-02	8.17354190e-02	-7.42637362e-02	6.41747097e-02	-5.18239162e-02	3.76466458e-02	-2.21425608e-02
-7.25191030e-03	5.84318000e-02	-1.10335000e-01	6.06273000e-02	2.85054000e-01	-1.92205000e-03	-6.14172000e-04	-1.92740000e-03	-8.65192927e-02	8.24941340e-02	-7.59236724e-02	6.70106352e-02	-5.60300285e-02	4.33206518e-02	-2.92746445e-02
2.26082632e-02	1.10354960e-01	-1.18769000e-01	7.35534000e-03	2.96275000e-01	-1.25518000e-03	-5.83252000e-04	-1.97817000e-03	-8.66994291e-02	8.32043019e-02	-7.74830840e-02	6.96888437e-02	-6.00301121e-02	4.87653039e-02	-3.61958037e-02
3.98449163e-02	8.24487600e-02	-1.10375000e-01	3.04226000e-02	3.02393000e-01	-2.00421000e-03	-4.85662000e-04	-1.92740000e-03	-8.68668096e-02	8.38655050e-02	-7.89399064e-02	7.22030315e-02	-6.38094580e-02	5.39517764e-02	-4.28561713e-02
3.98668811e-02	5.45842000e-02	-1.10334000e-01	5.42313000e-02	2.86556000e-01	-1.81855000e-03	-5.97952000e-04	-1.92740000e-03	-8.70214095e-02	8.44773541e-02	-8.02922108e-02	7.45472815e-02	-6.73541693e-02	5.88526104e-02	-4.92077592e-02
3.42002674e-02	6.86954500e-02	-1.10322000e-01	2.46979000e-02	3.01010000e-01	-1.54808000e-03	-6.81133000e-04	-2.06767000e-03	-8.71632061e-02	8.50394892e-02	-8.15382065e-02	7.67160759e-02	-7.06512117e-02	6.34418593e-02	-5.52048040e-02
-4.76969893e-02	8.83897170e-02	-9.64116000e-02	5.36283000e-04	2.79781000e-01	-1.73698000e-03	-7.35767000e-04	-2.40591000e-03	-8.72921787e-02	8.55515794e-02	-8.26762441e-02	7.87043105e-02	-7.36884615e-02	6.76952260e-02	-6.08040970e-02
-1.23376745e-01	8.22787170e-02	-9.92016000e-02	5.24307000e-02	2.80777000e-01	-1.61632000e-03	-7.69743000e-04	-2.02858000e-03	-8.74083081e-02	8.60133233e-02	-8.37048165e-02	8.05073056e-02	-7.64547504e-02	7.15901918e-02	-6.59652951e-02
-1.20932657e-01	3.17592000e-02	-1.07334000e-01	6.24169000e-02	2.83270000e-01	-1.57876000e-03	-7.15661000e-04	-1.89727000e-03	-8.75115773e-02	8.64244493e-02	-8.46225620e-02	8.21208176e-02	-7.89399064e-02	7.51061356e-02	-7.06512117e-02
-1.17664099e-02	5.76511500e-02	-1.10278000e-01	5.18062000e-02	3.12946000e-01	-1.57875000e-03	-9.13880000e-04	-1.98745000e-03	-8.76019711e-02	8.67847154e-02	-8.54282655e-02	8.35410491e-02	-8.11347914e-02	7.82244426e-02	-7.48280847e-02
5.83599956e-02	3.59588500e-02	-1.10329000e-01	2.83469000e-02	3.16206000e-01	-1.57875000e-03	-7.87199000e-04	-2.04454000e-03	-8.76794762e-02	8.70939096e-02	-8.61208602e-02	8.47646573e-02	-8.30313346e-02	8.09286037e-02	-7.84658196e-02
1.02059858e-01	4.26977300e-02	-1.10298000e-01	4.78477000e-03	3.12919000e-01	-1.49215000e-03	-8.26821000e-04	-1.85441000e-03	-8.77440813e-02	8.73518499e-02	-8.66994291e-02	8.57887623e-02	-8.46225620e-02	8.32043019e-02	-8.15382065e-02
7.97464663e-02	5.86212300e-02	-1.10300000e-01	4.67636000e-02	3.12922000e-01	-1.57875000e-03	-7.93053000e-04	-2.06679000e-03	-8.77957767e-02	8.75583845e-02	-8.71632061e-02	8.66109538e-02	-8.59026227e-02	8.50394892e-02	-8.40231088e-02
5.34575558e-02	8.04899500e-02	-1.10251000e-01	4.01496000e-02	3.37267000e-01	-2.49232000e-03	-8.21572000e-04	-2.01924000e-03	-8.78345550e-02	8.77133919e-02	-8.75115773e-02	8.72292967e-02	-8.68668096e-02	8.64244493e-02	-8.59026227e-02
1.64995509e-02	1.20921420e-01	-1.00698000e-01	7.76653000e-03	3.17523000e-01	-1.51164000e-03	-9.08009000e-04	-1.90153000e-03	-8.78604103e-02	8.78167809e-02	-8.77440813e-02	8.76423355e-02	-8.75115773e-02	8.73518499e-02	-8.71632061e-02
-3.70123920e-03	8.98785200e-02	-1.02776000e-01	5.87911000e-02	3.00564000e-01	-1.80479000e-03	-8.64280000e-04	-1.96099000e-03	-8.78733389e-02	8.78684906e-02	-8.78604103e-02	8.78490983e-02	-8.78345550e-02	8.78167809e-02	-8.77957767e-02
