-7.913557606254251198e+00
1.044928514410051434e+01
3.372258718101581110e+01
-1.513395007900899714e+01
1.304822122473132140e+01
-3.632479147651586970e+00
3.923139357691293583e+01
2.387262009105218397e+01
-1.976802872307995784e+01
4.029405810024847767e+00
-6.016860302324289478e+00
4.211069045419897350e+00
1.158014452956047080e+01
-2.975665747279755635e+00
-2.860498397186746189e+01
-1.073885976126074837e+00
-4.122119903228218618e+01
-2.947129286144102167e+01
1.730359706768505390e+01
5.450964272379664521e+00
-1.283929607890605951e+00
-5.157353493193131300e+00
2.512706406757868649e+01
1.777289044089151560e+00
1.362176706147280925e+00
3.809749381970210180e+00
-2.799922721741318909e+01
-2.690870151978513292e+01
7.092179825660466008e+00
2.574163155291383731e+00
-1.038195262488319059e+00
-8.928315657617304169e+00
-2.121682060821810722e+01
-2.977428572224795289e+00
7.055537828143954471e+00
-1.051093561594020009e+01
2.702367357024156647e+00
-2.265958688642573904e+01
-1.447292850245273854e+01
1.077486509530810643e+01
3.689403421713843301e+01
7.135919094872242852e+00
4.222396641487827651e+01
3.361102534557206667e+01
3.662435605080389678e+00
2.484861534525999360e+01
-1.801601106936850627e+01
-7.748389905614645023e+00
-1.658923207708444991e+01
2.523513381003582623e+01
-1.146774417930669543e+01
2.502215192304731772e+00
-2.561321166773413083e+01
1.170990246779185640e+01
9.711166095600894721e+00
-2.599438649560753944e+01
-7.803743632982051537e+00
-1.335145989255101995e+01
2.439283363313404607e+01
1.438804224791742925e+01
-2.125984706542626768e+01
-9.557191316344848531e-01
1.556140077455016524e+01
1.476990319673670271e+01
-9.737438343160992105e+00
-1.980931815128006335e+01
1.722677771373115974e+01
9.220380078211565689e+00
-2.391912090641570998e+01
-1.469899846954398015e+01
8.344026350831313721e+00
7.954847602781267568e+00
9.362554144850072646e+00
1.659793976482121636e+01
2.372226397905286177e+01
7.846490443104769952e+00
-7.334563914492232328e+00
5.527177024856307241e+00
-2.083556334487519379e+01
1.201811718469407708e-01
4.201646897196997799e+00
5.212193357558945195e+00
1.733052941014481263e+00
-7.263107620939329934e+00
-2.558235970280396643e+01
-2.312728336612959978e+01
-1.738662874930101054e+01
4.120388039518839918e+00
-6.106675638560723485e-01
-1.587589380356810409e+01
1.589304533527284491e+01
2.370340606753446622e+01
-1.841024744314747608e+00
-2.224803150478962266e+00
-1.729512828666272028e+01
1.750771894488662639e+01
-1.518771078069744007e+01
1.623009324726048419e+00
7.797637651610308751e+00
3.315287504260178153e+00
-1.004180041669833834e+01
5.191230542801154257e+00
-8.628399068321842336e+00
4.360581880295857360e-01
1.083859151867376980e+01
-1.861273625552821187e+01
1.159422194083604474e+01
1.489931893720989819e+01
2.286970527921559793e+01
1.674287871615547374e+01
4.346457155036845421e+01
2.160176251350822696e+01
-1.327189750873650631e+01
-2.770605559778102034e+01
-7.961991718481701064e+00
1.107045650961379657e+01
-8.552817317851257428e+00
-5.106557257301786024e+01
-4.760615110417713680e+00
1.252241038826408825e+01
1.377138198930366642e+01
-3.982882993661748827e+01
-1.889872462737685055e+01
3.123086574563615869e+01
3.246289298463501183e+01
6.634125303678667152e+00
-1.857331613404388548e+01
8.794683548912344051e+00
1.301526285623585011e+01
-7.029297804301205765e+00
2.438633069115197571e+01
1.631754067409114484e+01
-1.218668109690431223e+01
-1.486354361912353461e+01
1.172013346540762058e+01
-1.830912722737733755e+00
6.184636762509176044e+00
-6.840509945926155133e+00
-6.020099129869953103e+00
-2.960770543537628896e+01
-8.662181409754243333e+00
-2.310652939490537605e+01
2.343823919041472692e+00
-6.389181345105667376e+00
-1.651395020374317468e+01
9.402679254946768594e+00
2.341350975215246422e+01
3.362079421130883361e+01
-6.279096884201775808e-01
1.431383265539873406e+01
1.940812892176072335e+00
4.823311608146055640e+00
1.137542235471737584e+01
8.688435738305354761e+00
-1.245867993686078279e+01
-1.040885375093739462e+00
-1.489323181536880147e+00
1.796740388442432845e+01
-2.644539056589410819e+01
-2.662445788656686219e+01
-3.389003506670281496e+01
1.474146225010956357e+01
-7.781365267759238691e+01
-2.135041731626344230e+01
5.459717666049652252e+01
-1.345579986024509367e+01
1.839682377189552298e+00
-1.145638332527041392e+01
4.036852468503107616e+01
1.766597544203218462e+01
4.995538185219981386e+00
1.731293438544510366e+01
2.118535588456504826e+01
2.246100801109133016e+00
2.211053104128811952e+01
1.193400533394065910e+01
2.334090460869905570e+01
1.134355903750041961e+01
3.670393215053024960e-03
-4.807257505834371614e+00
-3.122587607905975915e+01
4.446318810906737440e+01
-1.601062224027252512e+00
-6.935764471301585132e+00
-2.850294617170336053e+00
-1.606649887316303094e+01
-4.629254498683334162e+00
1.867170493220018201e+01
-3.931363979443923284e+01
-1.124278945913249750e+01
-8.454779758150532842e+00
-1.943701211075022073e+01
-2.966647492437081013e+01
2.151397122522903871e+01
-5.221965001188280553e+00
-5.960251759869965582e+00
1.049861617178851603e+01
1.504839835135738113e+01
1.591186110695500844e+01
-1.910545877198065767e+01
-1.377735068557634435e+01
2.517481821100114203e+01
1.225336053326036279e+01
4.820826974255083996e+00
-1.219980695084598210e+01
2.134711025805514950e+01
2.510469415398012316e+01
-3.979347700689430667e-01
-1.648703731748720713e+01
-2.782106696394080458e+01
-6.034030043195684812e+00
-6.535851897765823537e+00
-2.527658473818430096e+01
2.787524396919604897e+01
2.129861540465066483e+01
-3.770243544854935180e+01
-1.928993637002293582e+01
1.056851512824638206e+01
-1.317555971381742097e+01
-2.779054004819868240e+01
3.966457031926214682e+00
4.704492798094165096e+00
2.214846344566515768e+01
1.431020521329353556e+01
1.385925510146878281e+01
9.443498813278239368e+00
6.940740676084960370e+00
2.601352317100570133e+00
-2.759572205605106632e+00
1.883074576552164103e+01
3.003182854087942744e+01
1.464809743651762375e+01
-3.767413103385251816e+00
-6.574266129986909846e-01
-8.720671668979086633e+00
-1.206600279575162915e+00
-4.185456069512028421e+00
-1.872485845999683818e+00
1.712784146390912099e+01
-2.775474105711946748e+01
-1.603744425443598232e+01
-7.052255256704398789e+00
8.312918018903310724e+00
-1.695055336035835580e-01
-6.565372873789847574e+00
9.216509524598620828e+00
-8.951265998600156593e+00
2.491777529059248764e+01
2.063751495837554728e+01
8.349079942262278564e-01
1.028173370858438318e+01
-1.281077808105112581e+01
-5.887831634162793648e+00
-5.849091538072869412e+00
4.254309741634159536e+00
-3.769798272719590670e+00
-9.128085037793454148e-02
-1.488970631396452404e+01
-9.214467627894947555e+00
