   0.0000000e+00
   0.0000000e+00
   1.3686722e-07
   2.6150131e-01
   4.1900525e+00
   1.5113118e+01
   2.5279483e+01
   2.0975530e+01
   1.0622986e+01
   3.0383986e+00
  -8.3790900e-01
  -2.2814434e+00
  -2.3500898e+00
  -1.8030049e+00
  -1.8502558e+00
  -8.3033177e+00
  -2.1835962e+01
  -2.3051688e+01
  -1.3743901e+01
  -7.7963311e+00
  -7.3233109e+00
  -1.4419207e-01
   7.0374410e+00
   6.9383432e+00
   4.2475423e+00
   2.0576181e+00
   7.1243921e-01
  -4.1226948e-03
  -2.7979518e-01
  -2.9747220e-01
  -2.1712605e-01
  -1.2862478e-01
  -6.4176263e-02
  -2.8660617e-02
  -1.3157965e-02
  -5.2005113e-01
  -5.5148646e+00
  -1.4211423e+01
  -1.4312706e+01
  -8.0997069e+00
  -2.8359084e+00
   1.8945279e-02
   1.2139931e+00
   1.4398089e+00
   1.1792598e+00
   7.8220031e-01
   4.4389025e-01
   2.2217016e-01
   1.0013675e-01
   4.1285072e-02
   1.5517349e-02
  -2.2043289e-01
   9.4667592e-01
   8.1647602e+00
   1.0769440e+01
   7.0212260e+00
   3.3699499e+00
   7.0112226e+00
   1.5035347e+01
   1.2447685e+01
   5.5182880e+00
   1.0687961e+00
  -9.2647338e-01
  -1.5750373e+00
  -1.5009379e+00
  -1.1076510e+00
  -8.2607727e-01
  -6.2604700e+00
  -1.7293488e+01
  -1.5524024e+01
  -6.9401216e+00
  -1.4847446e+00
   8.4755860e-01
   1.6197141e+00
   1.5782101e+00
   1.1641012e+00
   7.0106995e-01
  -8.2779062e-01
  -4.0128440e+00
  -1.0267321e+00
   3.0939756e+00
   3.1666382e+00
   1.8250507e+00
   7.8962230e-01
   1.8497976e-01
  -1.2681549e-01
  -2.2954393e-01
  -2.0810311e-01
  -1.4249402e-01
  -8.1289394e-02
  -4.0425556e-02
  -1.8009742e-02
  -1.5568467e-02
  -3.3007072e-01
   1.7495919e+00
   5.2028140e+00
   4.6820769e+00
   2.4579491e+00
   8.0024666e-01
  -6.8365282e-02
  -4.2369944e-01
  -4.7544386e-01
  -3.7784834e-01
  -3.7892778e-01
  -3.4125135e+00
  -6.3175734e+00
  -6.3152045e-01
   3.1748438e+00
   2.8148344e+00
   1.6107953e+00
   7.4415048e-01
   2.0578004e-01
  -8.5395311e-02
  -1.8345259e-01
  -1.8636932e-01
  -3.6010359e+00
  -2.0588403e+01
  -3.3476016e+01
  -2.5949293e+01
  -1.3320726e+01
  -1.5623130e+01
  -2.8001795e+01
  -2.4402707e+01
  -1.1944462e+01
  -2.7599180e+00
   1.7044772e+00
   3.2367032e+00
   3.1854877e+00
   2.4233896e+00
   1.5448667e+00
   8.5378301e-01
   4.1569598e-01
   1.8488408e-01
   7.5841738e-02
   1.4098150e-02
  -4.4512118e-01
  -1.4565474e+00
  -2.2982451e+00
  -1.7981301e+00
  -8.6524504e-01
  -2.2147634e-01
   9.7434935e-02
   2.0998941e-01
   2.0744549e-01
   1.5521120e-01
   9.6790143e-02
   5.2414826e-02
   2.5276551e-02
   1.1052844e-02
   4.4636264e-03
   1.4920125e-03
   7.1790717e-02
   9.2600839e-01
  -1.5858953e+00
  -5.9683286e+00
  -5.5561116e+00
  -3.0601923e+00
  -5.6672128e+00
  -1.9729797e+01
  -2.7663620e+01
  -2.0126167e+01
  -9.1466910e+00
  -1.9392967e+00
   1.5281285e+00
   2.6569747e+00
   2.5020593e+00
   1.8250445e+00
   1.1189734e+00
   4.5508502e-01
  -2.1987447e+00
  -1.4497813e+00
   5.5740522e+00
   7.1787783e+00
   4.4593394e+00
   1.8696867e+00
   3.6830340e-01
  -3.5557387e-01
  -5.8771852e-01
  -5.3599610e-01
   3.1039356e-02
   8.5193759e+00
   2.2232578e+01
   2.0519051e+01
   1.0896626e+01
   3.5238203e+00
  -3.3325917e-01
  -1.8932171e+00
  -2.1142063e+00
  -1.6807700e+00
  -1.2825851e+00
  -5.7297170e+00
  -1.6225733e+01
  -1.5933614e+01
  -7.8720386e+00
  -2.1210383e+00
   2.4579460e+00
   1.1299989e+01
   1.6652256e+01
   1.2873091e+01
   6.4068233e+00
   1.8827403e+00
  -4.2188776e-01
  -1.2771840e+00
  -1.3155288e+00
  -9.9765945e-01
  -6.2801146e-01
  -3.4282634e-01
  -1.6476507e-01
  -7.2156138e-02
  -2.9059931e-02
  -4.9083471e-01
  -5.0607461e+00
  -2.3970569e+00
   1.2339050e+01
   1.5804372e+01
   9.8772853e+00
   4.3167872e+00
  -4.1566342e-01
  -1.3257301e+01
  -2.1089824e+01
  -1.5735604e+01
  -7.5428032e+00
  -2.0995745e+00
   6.3028243e-01
   1.6285678e+00
   1.6392960e+00
   1.2224009e+00
   9.3033820e-01
   5.2006770e+00
   1.7594320e+01
   2.3835531e+01
   1.7091568e+01
   7.7502149e+00
   1.6684556e+00
  -1.2556414e+00
  -2.2059646e+00
  -2.0739705e+00
  -1.5335439e+00
  -4.5742823e+00
  -1.5806015e+01
  -1.8643654e+01
  -1.1575857e+01
  -4.5643622e+00
  -5.4331793e-01
   1.2568934e+00
   1.7334813e+00
   1.5082392e+00
   1.0401931e+00
   3.0191634e-01
  -8.2556886e-01
  -1.7426485e+00
  -2.3113024e+00
  -1.6118708e+00
  -6.8509810e-01
  -1.0445234e-01
   1.6244345e-01
   2.3730096e-01
   2.1211592e-01
   1.5016121e-01
