   0.0000000e+00
   0.0000000e+00
   1.4830863e-08
   2.1104361e-02
   2.8611638e-01
   8.8424394e-01
   1.3659852e+00
   1.1012503e+00
   5.4710661e-01
   1.4845441e-01
  -5.2856650e-02
  -1.2555934e-01
  -1.2636388e-01
  -9.5815379e-02
  -9.7598251e-02
  -4.4246467e-01
  -1.1493551e+00
  -1.1986240e+00
  -7.0842344e-01
  -3.6356983e-01
  -2.2953721e-01
   2.0559357e-01
   5.2884485e-01
   4.3982162e-01
   2.4111784e-01
   9.7757754e-02
   1.7494942e-02
  -1.9413452e-02
  -2.8880006e-02
  -2.4409604e-02
  -1.6149425e-02
  -9.0361398e-03
  -4.3689240e-03
  -1.9074418e-03
  -8.2757779e-04
  -3.6142795e-02
  -3.5111913e-01
  -8.4306015e-01
  -8.1670216e-01
  -4.5020361e-01
  -1.5175476e-01
   7.3991127e-03
   7.2656751e-02
   8.3435851e-02
   6.7332759e-02
   4.4203826e-02
   2.4879617e-02
   1.2366311e-02
   5.5403518e-03
   2.2721555e-03
   8.4608352e-04
  -1.5211356e-02
  -2.9905333e-02
   1.5305143e-01
   2.2943360e-01
   1.5138612e-01
   8.4019773e-02
   3.1347004e-01
   7.2742353e-01
   6.2817667e-01
   2.9934732e-01
   7.5852656e-02
  -3.0451040e-02
  -6.8797518e-02
  -6.9424864e-02
  -5.2610970e-02
  -3.8840892e-02
  -2.6507228e-01
  -6.9010607e-01
  -4.8155723e-01
  -9.1162015e-02
   6.0720162e-02
   8.3775379e-02
   7.3350381e-02
   5.2405505e-02
   2.9997134e-02
   1.2985124e-02
  -7.8360541e-02
  -2.8630088e-01
  -8.2560092e-02
   1.9868705e-01
   2.0836024e-01
   1.2140493e-01
   5.3363499e-02
   1.3236023e-02
  -7.7069884e-03
  -1.4805298e-02
  -1.3591847e-02
  -9.3598140e-03
  -5.3571574e-03
  -2.6698872e-03
  -1.1912585e-03
  -1.0294527e-03
  -2.4464917e-02
   8.7920555e-02
   2.8162159e-01
   2.5205322e-01
   1.3132978e-01
   4.2588406e-02
  -3.7173423e-03
  -2.2692670e-02
  -2.5446911e-02
  -2.0197462e-02
  -2.2343747e-02
  -2.1594110e-01
  -4.0320312e-01
  -9.0700626e-02
   1.3785260e-01
   1.3927803e-01
   8.6584430e-02
   4.5117129e-02
   1.7116960e-02
   3.6585337e-04
  -6.5552004e-03
  -9.7805425e-03
  -2.2132926e-01
  -1.1071862e+00
  -1.7049382e+00
  -1.2876026e+00
  -6.4677271e-01
  -7.3475665e-01
  -1.2870847e+00
  -1.0769485e+00
  -4.9934188e-01
  -9.5897542e-02
   9.2694261e-02
   1.5327538e-01
   1.4593141e-01
   1.0903884e-01
   6.8597802e-02
   3.7470031e-02
   1.8043819e-02
   7.9587259e-03
   3.2404668e-03
  -2.9380367e-03
  -1.5822574e-02
  -2.2145364e-02
  -7.2063198e-02
  -7.3185957e-02
  -4.0559016e-02
  -1.3793123e-02
   4.2707879e-04
   6.3129507e-03
   7.3751622e-03
   6.0113808e-03
   3.9751475e-03
   2.2498512e-03
   1.1232546e-03
   5.0509205e-04
   2.0609145e-04
   7.9627921e-05
   3.4115102e-03
   4.4768497e-02
  -6.5235522e-02
  -2.6137681e-01
  -2.4478687e-01
  -1.3701772e-01
  -3.2565144e-01
  -1.0989996e+00
  -1.4571749e+00
  -1.0208979e+00
  -4.4920201e-01
  -8.4961458e-02
   8.7181265e-02
   1.4058328e-01
   1.2948070e-01
   9.3129784e-02
   5.6479367e-02
   2.1720983e-02
  -8.2295427e-02
   1.0517908e-01
   5.8648660e-01
   6.0705903e-01
   3.4595962e-01
   1.2788001e-01
   7.8983755e-03
  -4.4942684e-02
  -5.7112416e-02
  -4.7883137e-02
  -1.1395359e-02
   4.3802585e-01
   1.1867135e+00
   1.1245224e+00
   6.1044121e-01
   2.0381011e-01
  -1.2109117e-02
  -1.0083889e-01
  -1.1505522e-01
  -9.2439878e-02
  -6.6439680e-02
  -2.4408861e-01
  -7.2708957e-01
  -7.4213563e-01
  -3.8049466e-01
  -1.1014296e-01
   1.7092266e-01
   7.3169014e-01
   9.3657495e-01
   6.4424044e-01
   2.9051976e-01
   6.6842024e-02
  -4.0985013e-02
  -7.6275674e-02
  -7.1804910e-02
  -5.1755334e-02
  -3.1343163e-02
  -1.6584676e-02
  -7.7631518e-03
  -3.3213436e-03
  -1.3105440e-03
  -2.5511499e-02
  -2.7380538e-01
  -1.5018903e-01
   6.4790076e-01
   8.5036179e-01
   5.3616617e-01
   2.3525057e-01
  -4.2476983e-02
  -7.7857422e-01
  -1.2113149e+00
  -8.9688283e-01
  -4.2690191e-01
  -1.1613874e-01
   3.9006935e-02
   9.5045106e-02
   9.4787043e-02
   7.0385396e-02
   5.2712429e-02
   2.8192782e-01
   9.4382491e-01
   1.2610303e+00
   8.9530491e-01
   4.0257684e-01
   8.4284606e-02
  -6.8044265e-02
  -1.1695486e-01
  -1.0930069e-01
  -8.0525360e-02
  -2.4005812e-01
  -8.4020176e-01
  -1.0296870e+00
  -6.6808992e-01
  -2.7677554e-01
  -4.3091722e-02
   6.4331020e-02
   9.5142666e-02
   8.4846682e-02
   5.9524008e-02
   1.4513178e-02
  -8.5700527e-02
  -1.7656177e-01
  -1.9544682e-01
  -1.2358781e-01
  -4.8146905e-02
  -3.5827434e-03
   1.5960889e-02
   2.0481887e-02
   1.7419160e-02
   1.1928722e-02
