   0.0000000e+00
   4.5384529e-07
   1.3150549e-05
   9.5532940e-05
   3.8866829e-04
   1.1376670e-03
   2.6859434e-03
   5.4431224e-03
   9.8312835e-03
   1.6216675e-02
   2.4834792e-02
   3.5716416e-02
   4.8621220e-02
   6.2984257e-02
   7.7879155e-02
   9.2000416e-02
   1.0366583e-01
   1.1083881e-01
   1.1116952e-01
   1.0205264e-01
   8.0699246e-02
   4.4219629e-02
  -1.0286256e-02
  -8.5634218e-02
  -1.8446056e-01
  -3.0912942e-01
  -4.6164578e-01
  -6.4357691e-01
  -8.5598453e-01
  -1.0993697e+00
  -1.3736320e+00
  -1.6780435e+00
  -2.0112387e+00
  -2.3712204e+00
  -2.7553801e+00
  -3.1605338e+00
  -3.5829702e+00
  -4.0185118e+00
  -4.4625844e+00
  -4.9102962e+00
  -5.3565213e+00
  -5.7959877e+00
  -6.2233657e+00
  -6.6333559e+00
  -7.0207734e+00
  -7.3806275e+00
  -7.7081934e+00
  -7.9990762e+00
  -8.2492648e+00
  -8.4551742e+00
  -8.6136779e+00
  -8.7221272e+00
  -8.7783599e+00
  -8.7806967e+00
  -8.7279287e+00
  -8.6192940e+00
  -8.4544468e+00
  -8.2334203e+00
  -7.9565839e+00
  -7.6245974e+00
  -7.2383645e+00
  -6.7989863e+00
  -6.3077168e+00
  -5.7659233e+00
  -5.1750517e+00
  -4.5365985e+00
  -3.8520911e+00
  -3.1230763e+00
  -2.3511182e+00
  -1.5378049e+00
  -6.8476432e-01
   2.0631159e-01
   1.1336353e+00
   2.0952855e+00
   3.0891647e+00
   4.1129524e+00
   5.1640584e+00
   6.2395749e+00
   7.3362329e+00
   8.4503616e+00
   9.5778557e+00
   1.0714150e+01
   1.1854203e+01
   1.2992498e+01
   1.4123045e+01
   1.5239408e+01
   1.6334742e+01
   1.7401838e+01
   1.8433192e+01
   1.9421079e+01
   2.0357643e+01
   2.1234995e+01
   2.2045322e+01
   2.2781000e+01
   2.3434715e+01
   2.3999583e+01
   2.4469269e+01
   2.4838104e+01
   2.5101196e+01
   2.5254533e+01
   2.5295068e+01
   2.5220805e+01
   2.5030853e+01
   2.4725473e+01
   2.4306105e+01
   2.3775374e+01
   2.3137075e+01
   2.2396144e+01
   2.1558600e+01
   2.0631477e+01
   1.9622734e+01
   1.8541150e+01
   1.7396204e+01
   1.6197945e+01
   1.4956855e+01
   1.3683697e+01
   1.2389374e+01
   1.1084769e+01
   9.7806047e+00
   8.4872983e+00
   7.2148257e+00
   5.9725980e+00
   4.7693486e+00
   3.6130364e+00
   2.5107631e+00
   1.4687092e+00
   4.9208758e-01
  -4.1488540e-01
  -1.2489991e+00
  -2.0080409e+00
  -2.6907708e+00
  -3.2968806e+00
  -3.8269375e+00
  -4.2823163e+00
  -4.6651199e+00
  -4.9780906e+00
  -5.2245163e+00
  -5.4081311e+00
  -5.5330150e+00
  -5.6034932e+00
  -5.6240380e+00
  -5.5991759e+00
  -5.5333996e+00
  -5.4310888e+00
  -5.2964397e+00
  -5.1334048e+00
  -4.9456433e+00
  -4.7364832e+00
  -4.5088946e+00
  -4.2654741e+00
  -4.0084414e+00
  -3.7396448e+00
  -3.4605774e+00
  -3.1724012e+00
  -2.8759792e+00
  -2.5719135e+00
  -2.2605881e+00
  -1.9422155e+00
  -1.6168852e+00
  -1.2846137e+00
  -9.4539335e-01
  -5.9924019e-01
  -2.4623882e-01
   1.1341602e-01
   4.7938231e-01
   8.5113859e-01
   1.2279573e+00
   1.6088839e+00
   1.9927221e+00
   2.3780253e+00
   2.7630941e+00
   3.1459792e+00
   3.5244910e+00
   3.8962140e+00
   4.2585258e+00
   4.6086213e+00
   4.9435410e+00
   5.2602019e+00
   5.5554329e+00
   5.8260113e+00
   6.0687025e+00
   6.2803008e+00
   6.4576707e+00
   6.5977897e+00
   6.6977906e+00
   6.7550033e+00
   6.7669958e+00
   6.7316139e+00
   6.6470191e+00
   6.5117235e+00
   6.3246222e+00
   6.0850225e+00
   5.7926685e+00
   5.4477616e+00
   5.0509759e+00
   4.6034680e+00
   4.1068810e+00
   3.5633415e+00
   2.9754506e+00
   2.3462671e+00
   1.6792840e+00
   9.7839697e-01
   2.4786570e-01
  -5.0773160e-01
  -1.2835512e+00
  -2.0745429e+00
  -2.8755149e+00
  -3.6812042e+00
  -4.4863498e+00
  -5.2857703e+00
  -6.0744423e+00
  -6.8475792e+00
  -7.6007087e+00
  -8.3297485e+00
  -9.0310761e+00
  -9.7015945e+00
  -1.0338789e+01
  -1.0940776e+01
  -1.1506341e+01
  -1.2034965e+01
  -1.2526840e+01
  -1.2982869e+01
  -1.3404650e+01
  -1.3794456e+01
  -1.4155183e+01
  -1.4490306e+01
  -1.4803801e+01
  -1.5100069e+01
  -1.5383841e+01
  -1.5660078e+01
  -1.5933864e+01
  -1.6210285e+01
  -1.6494314e+01
  -1.6790692e+01
  -1.7103809e+01
  -1.7437587e+01
  -1.7795375e+01
  -1.8179849e+01
  -1.8592922e+01
  -1.9035668e+01
  -1.9508267e+01
  -2.0009956e+01
  -2.0539003e+01
  -2.1092704e+01
  -2.1667395e+01
  -2.2258478e+01
  -2.2860480e+01
  -2.3467116e+01
  -2.4071381e+01
  -2.4665646e+01
  -2.5241782e+01
  -2.5791286e+01
  -2.6305418e+01
  -2.6775347e+01
  -2.7192302e+01
  -2.7547722e+01
  -2.7833406e+01
  -2.8041543e+01
  -2.8165233e+01
  -2.8198191e+01
  -2.8135022e+01
  -2.7971318e+01
  -2.7703745e+01
  -2.7330114e+01
  -2.6849425e+01
  -2.6261903e+01
  -2.5569001e+01
  -2.4773395e+01
  -2.3878952e+01
  -2.2890683e+01
  -2.1814676e+01
  -2.0658014e+01
  -1.9428680e+01
  -1.8135447e+01
  -1.6787761e+01
  -1.5395612e+01
  -1.3969402e+01
  -1.2519813e+01
  -1.1057664e+01
  -9.5937824e+00
  -8.1388670e+00
  -6.7033666e+00
  -5.2973590e+00
  -3.9304417e+00
  -2.6116331e+00
  -1.3492839e+00
  -1.5100158e-01
   9.7641334e-01
   2.0270173e+00
   2.9957615e+00
   3.8785166e+00
   4.6720856e+00
   5.3742047e+00
   5.9835338e+00
   6.4996368e+00
   6.9229528e+00
   7.2547603e+00
   7.4971338e+00
   7.6528947e+00
   7.7255583e+00
   7.7192762e+00
   7.6387770e+00
   7.4893037e+00
   7.2765514e+00
   7.0066034e+00
   6.6858676e+00
   6.3210136e+00
   5.9189095e+00
   5.4865611e+00
   5.0310506e+00
   4.5594780e+00
   4.0789025e+00
   3.5962860e+00
   3.1184379e+00
   2.6519608e+00
   2.2031984e+00
   1.7781844e+00
   1.3825938e+00
   1.0216959e+00
   7.0030940e-01
   4.2276088e-01
   1.9284587e-01
   1.3793738e-02
  -1.1176335e-01
  -1.8181681e-01
  -1.9500273e-01
  -1.5061729e-01
  -4.8625766e-02
   1.1033520e-01
   3.2496254e-01
   5.9329928e-01
   9.1275484e-01
   1.2801332e+00
   1.6916689e+00
   2.1430711e+00
   2.6295743e+00
   3.1459970e+00
   3.6868057e+00
   4.2461853e+00
   4.8181137e+00
   5.3964398e+00
   5.9749647e+00
   6.5475237e+00
   7.1080681e+00
   7.6507461e+00
   8.1699805e+00
   8.6605430e+00
   9.1176224e+00
   9.5368868e+00
   9.9145378e+00
   1.0247356e+01
   1.0532739e+01
   1.0768722e+01
   1.0954002e+01
   1.1087932e+01
   1.1170522e+01
   1.1202416e+01
   1.1184868e+01
   1.1119697e+01
   1.1009247e+01
   1.0856322e+01
   1.0664126e+01
   1.0436195e+01
   1.0176314e+01
   9.8884445e+00
   9.5766407e+00
   9.2449675e+00
   8.8974199e+00
   8.5378449e+00
   8.1698665e+00
   7.7968171e+00
   7.4216744e+00
   7.0470064e+00
   6.6749260e+00
   6.3070535e+00
   5.9444909e+00
   5.5878058e+00
   5.2370270e+00
   4.8916507e+00
   4.5506578e+00
   4.2125418e+00
   3.8753466e+00
   3.5367138e+00
   3.1939384e+00
   2.8440322e+00
   2.4837934e+00
   2.1098811e+00
   1.7188939e+00
   1.3074506e+00
   8.7227208e-01
   4.1026235e-01
  -8.1412300e-02
  -6.0524748e-01
  -1.1633297e+00
  -1.7572712e+00
  -2.3881526e+00
  -3.0564727e+00
  -3.7621087e+00
  -4.5042851e+00
  -5.2815542e+00
  -6.0917870e+00
  -6.9321748e+00
  -7.7992434e+00
  -8.6888770e+00
  -9.5963538e+00
  -1.0516392e+01
  -1.1443203e+01
  -1.2370560e+01
  -1.3291866e+01
  -1.4200234e+01
  -1.5088574e+01
  -1.5949679e+01
  -1.6776318e+01
  -1.7561331e+01
  -1.8297723e+01
  -1.8978754e+01
  -1.9598032e+01
  -2.0149598e+01
  -2.0628008e+01
  -2.1028405e+01
  -2.1346585e+01
  -2.1579059e+01
  -2.1723098e+01
  -2.1776771e+01
  -2.1738974e+01
  -2.1609446e+01
  -2.1388774e+01
  -2.1078387e+01
  -2.0680537e+01
  -2.0198275e+01
  -1.9635407e+01
  -1.8996454e+01
  -1.8286587e+01
  -1.7511572e+01
  -1.6677692e+01
  -1.5791673e+01
  -1.4860607e+01
  -1.3891862e+01
  -1.2893003e+01
  -1.1871703e+01
  -1.0835658e+01
  -9.7925057e+00
  -8.7497470e+00
  -7.7146685e+00
  -6.6942740e+00
  -5.6952216e+00
  -4.7237662e+00
  -3.7857111e+00
  -2.8863668e+00
  -2.0305183e+00
  -1.2224012e+00
  -4.6568539e-01
   2.3653197e-01
   8.8172610e-01
   1.4679364e+00
   1.9937512e+00
   2.4582861e+00
   2.8611564e+00
   3.2024452e+00
   3.4826663e+00
   3.7027251e+00
   3.8638766e+00
   3.9676816e+00
   4.0159635e+00
   4.0107641e+00
   3.9543016e+00
   3.8489295e+00
   3.6970993e+00
   3.5013246e+00
   3.2641505e+00
   2.9881254e+00
   2.6757786e+00
   2.3296009e+00
   1.9520309e+00
   1.5454449e+00
   1.1121518e+00
   6.5439198e-01
   1.7433994e-01
  -3.2588940e-01
  -8.4423139e-01
  -1.3786597e+00
  -1.9271726e+00
  -2.4877770e+00
  -3.0584731e+00
  -3.6372371e+00
  -4.2220055e+00
  -4.8106599e+00
  -5.4010130e+00
  -5.9907979e+00
  -6.5776583e+00
  -7.1591428e+00
  -7.7327025e+00
  -8.2956919e+00
  -8.8453741e+00
  -9.3789295e+00
  -9.8934695e+00
  -1.0386053e+01
  -1.0853709e+01
  -1.1293461e+01
  -1.1702352e+01
  -1.2077483e+01
  -1.2416042e+01
  -1.2715338e+01
  -1.2972847e+01
  -1.3186241e+01
  -1.3353431e+01
  -1.3472604e+01
  -1.3542261e+01
  -1.3561246e+01
  -1.3528781e+01
  -1.3444492e+01
  -1.3308432e+01
  -1.3121099e+01
  -1.2883446e+01
  -1.2596890e+01
  -1.2263309e+01
  -1.1885035e+01
  -1.1464841e+01
  -1.1005918e+01
  -1.0511848e+01
  -9.9865692e+00
  -9.4343354e+00
  -8.8596680e+00
  -8.2673058e+00
  -7.6621488e+00
  -7.0491992e+00
  -6.4334996e+00
  -5.8200705e+00
  -5.2138468e+00
  -4.6196163e+00
  -4.0419594e+00
  -3.4851921e+00
  -2.9533138e+00
  -2.4499601e+00
  -1.9783619e+00
  -1.5413113e+00
  -1.1411363e+00
  -7.7968251e-01
  -4.5830429e-01
  -1.7786483e-01
   6.1255307e-02
   2.5914063e-01
   4.1631504e-01
   5.3370838e-01
   6.1261596e-01
   6.5465207e-01
   6.6169841e-01
   6.3584869e-01
   5.7935062e-01
   4.9454664e-01
   3.8381469e-01
   2.4951048e-01
   9.3912576e-02
  -8.0828520e-02
  -2.7273596e-01
  -4.8004583e-01
  -7.0123927e-01
  -9.3506647e-01
  -1.1805622e+00
  -1.4370525e+00
  -1.7041522e+00
  -1.9817534e+00
  -2.2700054e+00
  -2.5692869e+00
  -2.8801693e+00
  -3.2033752e+00
  -3.5397299e+00
  -3.8901092e+00
  -4.2553840e+00
  -4.6363629e+00
  -5.0337347e+00
  -5.4480115e+00
  -5.8794751e+00
  -6.3281261e+00
  -6.7936383e+00
  -7.2753200e+00
  -7.7720811e+00
  -8.2824092e+00
  -8.8043532e+00
  -9.3355170e+00
  -9.8730613e+00
  -1.0413715e+01
  -1.0953798e+01
  -1.1489246e+01
  -1.2015653e+01
  -1.2528313e+01
  -1.3022273e+01
  -1.3492390e+01
  -1.3933394e+01
  -1.4339951e+01
  -1.4706733e+01
  -1.5028488e+01
  -1.5300105e+01
  -1.5516685e+01
  -1.5673607e+01
  -1.5766587e+01
  -1.5791742e+01
  -1.5745637e+01
  -1.5625336e+01
  -1.5428446e+01
  -1.5153149e+01
  -1.4798230e+01
  -1.4363101e+01
  -1.3847814e+01
  -1.3253068e+01
  -1.2580209e+01
  -1.1831224e+01
  -1.1008728e+01
  -1.0115942e+01
  -9.1566733e+00
  -8.1352773e+00
  -7.0566267e+00
  -5.9260675e+00
  -4.7493745e+00
  -3.5327009e+00
  -2.2825250e+00
  -1.0055927e+00
   2.9114273e-01
   1.6005831e+00
   2.9155508e+00
   4.2288562e+00
   5.5333655e+00
   6.8220710e+00
   8.0881602e+00
   9.3250858e+00
   1.0526634e+01
   1.1686993e+01
   1.2800815e+01
   1.3863278e+01
   1.4870146e+01
   1.5817816e+01
   1.6703366e+01
   1.7524594e+01
   1.8280047e+01
   1.8969045e+01
   1.9591688e+01
   2.0148863e+01
   2.0642229e+01
   2.1074200e+01
   2.1447907e+01
   2.1767158e+01
   2.2036381e+01
   2.2260552e+01
   2.2445122e+01
   2.2595926e+01
   2.2719090e+01
   2.2820923e+01
   2.2907817e+01
   2.2986125e+01
   2.3062055e+01
   2.3141556e+01
   2.3230204e+01
   2.3333099e+01
   2.3454769e+01
   2.3599078e+01
   2.3769149e+01
   2.3967300e+01
   2.4194995e+01
   2.4452808e+01
   2.4740407e+01
   2.5056557e+01
   2.5399136e+01
   2.5765174e+01
   2.6150906e+01
   2.6551843e+01
   2.6962862e+01
   2.7378300e+01
   2.7792070e+01
   2.8197779e+01
   2.8588858e+01
   2.8958694e+01
   2.9300762e+01
   2.9608757e+01
   2.9876720e+01
   3.0099162e+01
   3.0271167e+01
   3.0388497e+01
   3.0447667e+01
   3.0446019e+01
   3.0381761e+01
   3.0254006e+01
   3.0062773e+01
   2.9808983e+01
   2.9494424e+01
   2.9121709e+01
   2.8694201e+01
   2.8215941e+01
   2.7691546e+01
   2.7126105e+01
   2.6525062e+01
   2.5894095e+01
   2.5238990e+01
   2.4565518e+01
   2.3879311e+01
   2.3185743e+01
   2.2489829e+01
   2.1796120e+01
   2.1108620e+01
   2.0430720e+01
   1.9765140e+01
   1.9113895e+01
   1.8478273e+01
   1.7858839e+01
   1.7255447e+01
   1.6667275e+01
   1.6092873e+01
   1.5530229e+01
   1.4976838e+01
   1.4429793e+01
   1.3885877e+01
   1.3341659e+01
   1.2793597e+01
   1.2238140e+01
   1.1671827e+01
   1.1091381e+01
   1.0493802e+01
   9.8764418e+00
   9.2370785e+00
   8.5739727e+00
   7.8859153e+00
   7.1722606e+00
   6.4329468e+00
   5.6685030e+00
   4.8800441e+00
   4.0692532e+00
   3.2383528e+00
   2.3900673e+00
   1.5275761e+00
   6.5446029e-01
  -2.2535543e-01
  -1.1076648e+00
  -1.9880436e+00
  -2.8619136e+00
  -3.7246054e+00
  -4.5714183e+00
  -5.3976773e+00
  -6.1987851e+00
  -6.9702688e+00
  -7.7078213e+00
  -8.4073369e+00
  -9.0649407e+00
  -9.6770130e+00
  -1.0240208e+01
  -1.0751467e+01
  -1.1208033e+01
  -1.1607452e+01
  -1.1947584e+01
  -1.2226601e+01
  -1.2442996e+01
  -1.2595581e+01
  -1.2683495e+01
  -1.2706202e+01
  -1.2663508e+01
  -1.2555557e+01
  -1.2382848e+01
  -1.2146244e+01
  -1.1846983e+01
  -1.1486686e+01
  -1.1067376e+01
  -1.0591481e+01
  -1.0061846e+01
  -9.4817379e+00
  -8.8548429e+00
  -8.1852665e+00
  -7.4775222e+00
  -6.7365155e+00
  -5.9675212e+00
  -5.1761527e+00
  -4.3683247e+00
  -3.5502070e+00
  -2.7281729e+00
  -1.9087395e+00
  -1.0985028e+00
  -3.0406793e-01
   4.6802488e-01
   1.2113760e+00
   1.9198038e+00
   2.5874207e+00
   3.2087074e+00
   3.7785834e+00
   4.2924713e+00
   4.7463553e+00
   5.1368305e+00
   5.4611431e+00
   5.7172205e+00
   5.9036902e+00
   6.0198871e+00
   6.0658495e+00
   6.0423033e+00
   5.9506360e+00
   5.7928598e+00
   5.5715655e+00
   5.2898692e+00
   4.9513518e+00
   4.5599935e+00
   4.1201059e+00
   3.6362615e+00
   3.1132241e+00
   2.5558815e+00
   1.9691807e+00
   1.3580690e+00
   7.2744126e-01
   8.2093912e-02
  -5.7331250e-01
  -1.2342825e+00
  -1.8965062e+00
  -2.5558711e+00
  -3.2084663e+00
  -3.8505788e+00
  -4.4786834e+00
  -5.0894280e+00
  -5.6796142e+00
  -6.2461763e+00
  -6.7861588e+00
  -7.2966955e+00
  -7.7749901e+00
  -8.2183015e+00
  -8.6239341e+00
  -8.9892337e+00
  -9.3115919e+00
  -9.5884573e+00
  -9.8173561e+00
  -9.9959195e+00
  -1.0121920e+01
  -1.0193317e+01
  -1.0208302e+01
  -1.0165358e+01
  -1.0063316e+01
  -9.9014158e+00
  -9.6793671e+00
  -9.3974065e+00
  -9.0563533e+00
  -8.6576567e+00
  -8.2034366e+00
  -7.6965134e+00
  -7.1404270e+00
  -6.5394419e+00
  -5.8985388e+00
  -5.2233916e+00
  -4.5203285e+00
  -3.7962782e+00
  -3.0587013e+00
  -2.3155078e+00
  -1.5749615e+00
  -8.4557361e-01
  -1.3598659e-01
   5.4514886e-01
   1.1893015e+00
   1.7881896e+00
   2.3339102e+00
   2.8190647e+00
   3.2368797e+00
   3.5813173e+00
   3.8471759e+00
   4.0301771e+00
   4.1270373e+00
   4.1355225e+00
   4.0544859e+00
   3.8838856e+00
   3.6247841e+00
   3.2793288e+00
   2.8507133e+00
   2.3431220e+00
   1.7616583e+00
   1.1122583e+00
   4.0159198e-01
  -3.6304562e-01
  -1.1738510e+00
  -2.0226339e+00
  -2.9009417e+00
  -3.8001829e+00
  -4.7117490e+00
  -5.6271298e+00
  -6.5380226e+00
  -7.4364308e+00
  -8.3147522e+00
  -9.1658541e+00
  -9.9831356e+00
  -1.0760575e+01
  -1.1492763e+01
  -1.2174924e+01
  -1.2802918e+01
  -1.3373236e+01
  -1.3882981e+01
  -1.4329834e+01
  -1.4712025e+01
  -1.5028279e+01
  -1.5277772e+01
  -1.5460075e+01
  -1.5575104e+01
  -1.5623064e+01
  -1.5604400e+01
  -1.5519753e+01
  -1.5369918e+01
  -1.5155814e+01
  -1.4878456e+01
  -1.4538939e+01
  -1.4138432e+01
  -1.3678178e+01
  -1.3159501e+01
  -1.2583827e+01
  -1.1952705e+01
  -1.1267836e+01
  -1.0531112e+01
  -9.7446458e+00
  -8.9108158e+00
  -8.0323015e+00
  -7.1121207e+00
  -6.1536628e+00
  -5.1607160e+00
  -4.1374900e+00
  -3.0886289e+00
  -2.0192168e+00
  -9.3477284e-01
   1.5876349e-01
   1.2550579e+00
   2.3474174e+00
   3.4288371e+00
   4.4920567e+00
   5.5296266e+00
   6.5339819e+00
   7.4975242e+00
   8.4127089e+00
   9.2721364e+00
   1.0068647e+01
   1.0795416e+01
   1.1446047e+01
   1.2014669e+01
   1.2496016e+01
   1.2885518e+01
   1.3179370e+01
   1.3374602e+01
   1.3469131e+01
   1.3461812e+01
   1.3352467e+01
   1.3141907e+01
   1.2831942e+01
   1.2425375e+01
   1.1925983e+01
   1.1338488e+01
   1.0668511e+01
   9.9225218e+00
   9.1077679e+00
   8.2322027e+00
   7.3043985e+00
   6.3334554e+00
   5.3289021e+00
   4.3005924e+00
   3.2585986e+00
   2.2131017e+00
   1.1742822e+00
   1.5221057e-01
  -8.4325898e-01
  -1.8025922e+00
  -2.7166734e+00
  -3.5768980e+00
  -4.3752585e+00
  -5.1044226e+00
  -5.7578024e+00
  -6.3296146e+00
  -6.8149308e+00
  -7.2097174e+00
  -7.5108656e+00
  -7.7162101e+00
  -7.8245375e+00
  -7.8355846e+00
  -7.7500265e+00
  -7.5694542e+00
  -7.2963444e+00
  -6.9340193e+00
  -6.4865997e+00
  -5.9589498e+00
  -5.3566171e+00
  -4.6857657e+00
  -3.9531057e+00
  -3.1658196e+00
  -2.3314852e+00
  -1.4579977e+00
  -5.5349107e-01
   3.7374046e-01
   1.3153196e+00
   2.2628614e+00
   3.2080456e+00
   4.1426862e+00
   5.0587966e+00
   5.9486511e+00
   6.8048405e+00
   7.6203245e+00
   8.3884769e+00
   9.1031276e+00
   9.7585978e+00
   1.0349731e+01
   1.0871919e+01
   1.1321123e+01
   1.1693891e+01
   1.1987367e+01
   1.2199305e+01
   1.2328073e+01
   1.2372651e+01
   1.2332636e+01
   1.2208238e+01
   1.2000272e+01
   1.1710153e+01
   1.1339887e+01
   1.0892057e+01
   1.0369814e+01
   9.7768586e+00
   9.1174233e+00
   8.3962550e+00
   7.6185906e+00
   6.7901324e+00
   5.9170189e+00
   5.0057927e+00
   4.0633649e+00
   3.0969738e+00
   2.1141416e+00
   1.1226244e+00
   1.3035913e-01
  -8.5459483e-01
  -1.8241179e+00
  -2.7700973e+00
  -3.6844969e+00
  -4.5594314e+00
  -5.3872422e+00
  -6.1605755e+00
  -6.8724613e+00
  -7.5163922e+00
  -8.0864012e+00
  -8.5771370e+00
  -8.9839360e+00
  -9.3028894e+00
  -9.5309043e+00
  -9.6657575e+00
  -9.7061412e+00
  -9.6516993e+00
  -9.5030528e+00
  -9.2618146e+00
  -8.9305922e+00
  -8.5129780e+00
  -8.0135268e+00
  -7.4377216e+00
  -6.7919250e+00
  -6.0833202e+00
  -5.3198393e+00
  -4.5100811e+00
  -3.6632189e+00
  -2.7888995e+00
  -1.8971353e+00
  -9.9818979e-01
  -1.0245914e-01
   7.7964888e-01
   1.6378371e+00
   2.4620402e+00
   3.2425436e+00
   3.9700979e+00
   4.6360277e+00
   5.2323330e+00
   5.7517818e+00
   6.1879927e+00
   6.5355067e+00
   6.7898469e+00
   6.9475656e+00
   7.0062784e+00
   6.9646848e+00
   6.8225757e+00
   6.5808273e+00
   6.2413824e+00
   5.8072187e+00
   5.2823060e+00
   4.6715520e+00
   3.9807384e+00
   3.2164477e+00
   2.3859820e+00
   1.4972763e+00
   5.5880480e-01
  -4.2051593e-01
  -1.4314269e+00
  -2.4644283e+00
  -3.5098820e+00
  -4.5581126e+00
  -5.5995072e+00
  -6.6246126e+00
  -7.6242278e+00
  -8.5894929e+00
  -9.5119717e+00
  -1.0383729e+01
  -1.1197401e+01
  -1.1946257e+01
  -1.2624255e+01
  -1.3226089e+01
  -1.3747230e+01
  -1.4183951e+01
  -1.4533352e+01
  -1.4793373e+01
  -1.4962796e+01
  -1.5041243e+01
  -1.5029160e+01
  -1.4927797e+01
  -1.4739181e+01
  -1.4466076e+01
  -1.4111941e+01
  -1.3680877e+01
  -1.3177576e+01
  -1.2607252e+01
  -1.1975581e+01
  -1.1288627e+01
  -1.0552767e+01
  -9.7746210e+00
  -8.9609673e+00
  -8.1186702e+00
  -7.2546007e+00
  -6.3755610e+00
  -5.4882110e+00
  -4.5989982e+00
  -3.7140917e+00
  -2.8393208e+00
  -1.9801200e+00
  -1.1414796e+00
  -3.2790349e-01
   4.5662516e-01
   1.2086714e+00
   1.9253671e+00
   2.6044223e+00
   3.2441278e+00
   3.8433503e+00
   4.4015200e+00
   4.9186105e+00
   5.3951126e+00
   5.8320019e+00
   6.2307010e+00
   6.5930370e+00
   6.9211955e+00
   7.2176721e+00
   7.4852209e+00
   7.7268032e+00
   7.9455348e+00
   8.1446351e+00
   8.3273763e+00
   8.4970358e+00
   8.6568506e+00
   8.8099749e+00
   8.9594419e+00
   9.1081284e+00
   9.2587248e+00
   9.4137084e+00
   9.5753210e+00
   9.7455513e+00
   9.9261204e+00
   1.0118472e+01
   1.0323763e+01
   1.0542865e+01
   1.0776357e+01
   1.1024531e+01
   1.1287394e+01
   1.1564672e+01
   1.1855821e+01
   1.2160028e+01
   1.2476227e+01
   1.2803103e+01
   1.3139109e+01
   1.3482471e+01
   1.3831204e+01
   1.4183126e+01
   1.4535871e+01
   1.4886905e+01
   1.5233545e+01
   1.5572977e+01
   1.5902275e+01
   1.6218428e+01
   1.6518362e+01
   1.6798970e+01
   1.7057137e+01
   1.7289776e+01
   1.7493862e+01
   1.7666462e+01
   1.7804776e+01
   1.7906174e+01
   1.7968229e+01
   1.7988763e+01
   1.7965874e+01
   1.7897975e+01
   1.7783829e+01
   1.7622571e+01
   1.7413738e+01
   1.7157289e+01
   1.6853614e+01
   1.6503552e+01
   1.6108384e+01
   1.5669833e+01
   1.5190052e+01
   1.4671602e+01
   1.4117428e+01
   1.3530823e+01
   1.2915391e+01
   1.2274997e+01
   1.1613716e+01
   1.0935780e+01
   1.0245513e+01
   9.5472725e+00
   8.8453836e+00
   8.1440767e+00
   7.4474239e+00
   6.7592799e+00
   6.0832250e+00
   5.4225141e+00
   4.7800317e+00
   4.1582533e+00
   3.5592156e+00
   2.9844943e+00
   2.4351920e+00
   1.9119347e+00
   1.4148785e+00
   9.4372530e-01
   4.9774750e-01
   7.5821850e-02
  -3.2352935e-01
  -7.0208980e-01
  -1.0618949e+00
  -1.4051724e+00
  -1.7342804e+00
  -2.0516418e+00
  -2.3596794e+00
  -2.6607511e+00
  -2.9570871e+00
  -3.2507310e+00
  -3.5434851e+00
  -3.8368618e+00
  -4.1320422e+00
  -4.4298423e+00
  -4.7306868e+00
  -5.0345936e+00
  -5.3411658e+00
  -5.6495939e+00
  -5.9586670e+00
  -6.2667930e+00
  -6.5720271e+00
  -6.8721077e+00
  -7.1644994e+00
  -7.4464422e+00
  -7.7150049e+00
  -7.9671427e+00
  -8.1997563e+00
  -8.4097535e+00
  -8.5941092e+00
  -8.7499253e+00
  -8.8744872e+00
  -8.9653173e+00
  -9.0202231e+00
  -9.0373407e+00
  -9.0151711e+00
  -8.9526106e+00
  -8.8489727e+00
  -8.7040037e+00
  -8.5178892e+00
  -8.2912540e+00
  -8.0251541e+00
  -7.7210611e+00
  -7.3808406e+00
  -7.0067239e+00
  -6.6012746e+00
  -6.1673504e+00
  -5.7080608e+00
  -5.2267229e+00
  -4.7268136e+00
  -4.2119223e+00
  -3.6857021e+00
  -3.1518226e+00
  -2.6139239e+00
  -2.0755730e+00
  -1.5402230e+00
  -1.0111761e+00
  -4.9155100e-01
   1.5745748e-02
   5.0804279e-01
   9.8292242e-01
   1.4382336e+00
   1.8720997e+00
   2.2829213e+00
   2.6693741e+00
   3.0304015e+00
   3.3652041e+00
   3.6732240e+00
   3.9541265e+00
   4.2077789e+00
   4.4342263e+00
   4.6336666e+00
   4.8064231e+00
   4.9529180e+00
   5.0736447e+00
   5.1691412e+00
   5.2399645e+00
   5.2866663e+00
   5.3097715e+00
   5.3097579e+00
   5.2870402e+00
   5.2419552e+00
   5.1747516e+00
   5.0855830e+00
   4.9745033e+00
   4.8414667e+00
   4.6863305e+00
   4.5088608e+00
   4.3087422e+00
   4.0855889e+00
   3.8389598e+00
   3.5683743e+00
   3.2733309e+00
   2.9533267e+00
   2.6078782e+00
   2.2365419e+00
   1.8389360e+00
   1.4147609e+00
   9.6381941e-01
   4.8603577e-01
  -1.8526892e-02
  -5.4965092e-01
  -1.1069506e+00
  -1.6898608e+00
  -2.2976284e+00
  -2.9293065e+00
  -3.5837506e+00
  -4.2596183e+00
  -4.9553718e+00
  -5.6692825e+00
  -6.3994384e+00
  -7.1437540e+00
  -7.8999823e+00
  -8.6657287e+00
  -9.4384660e+00
  -1.0215552e+01
  -1.0994247e+01
  -1.1771733e+01
  -1.2545132e+01
  -1.3311526e+01
  -1.4067975e+01
  -1.4811539e+01
  -1.5539292e+01
  -1.6248343e+01
  -1.6935851e+01
  -1.7599039e+01
  -1.8235214e+01
  -1.8841771e+01
  -1.9416215e+01
  -1.9956165e+01
  -2.0459365e+01
  -2.0923698e+01
  -2.1347184e+01
  -2.1727998e+01
  -2.2064467e+01
  -2.2355084e+01
  -2.2598507e+01
  -2.2793569e+01
  -2.2939282e+01
  -2.3034841e+01
  -2.3079632e+01
  -2.3073236e+01
  -2.3015433e+01
  -2.2906212e+01
  -2.2745774e+01
  -2.2534539e+01
  -2.2273152e+01
  -2.1962489e+01
  -2.1603661e+01
  -2.1198019e+01
  -2.0747159e+01
  -2.0252924e+01
  -1.9717407e+01
  -1.9142948e+01
  -1.8532134e+01
  -1.7887795e+01
  -1.7212999e+01
  -1.6511041e+01
  -1.5785434e+01
  -1.5039894e+01
  -1.4278322e+01
  -1.3504786e+01
  -1.2723500e+01
  -1.1938792e+01
  -1.1155082e+01
  -1.0376845e+01
  -9.6085805e+00
  -8.8547749e+00
  -8.1198623e+00
  -7.4081844e+00
  -6.7239487e+00
  -6.0711851e+00
  -5.4537030e+00
  -4.8750474e+00
  -4.3384563e+00
  -3.8468182e+00
  -3.4026320e+00
  -3.0079690e+00
  -2.6644379e+00
  -2.3731523e+00
  -2.1347038e+00
  -1.9491384e+00
  -1.8159390e+00
  -1.7340131e+00
  -1.7016869e+00
  -1.7167061e+00
  -1.7762434e+00
  -1.8769134e+00
  -2.0147952e+00
  -2.1854615e+00
  -2.3840165e+00
  -2.6051400e+00
  -2.8431392e+00
  -3.0920072e+00
  -3.3454869e+00
  -3.5971418e+00
  -3.8404305e+00
  -4.0687859e+00
  -4.2756969e+00
  -4.4547925e+00
  -4.5999265e+00
  -4.7052621e+00
  -4.7653542e+00
  -4.7752299e+00
  -4.7304638e+00
  -4.6272482e+00
  -4.4624565e+00
  -4.2336994e+00
  -3.9393707e+00
  -3.5786846e+00
  -3.1517016e+00
  -2.6593428e+00
  -2.1033928e+00
  -1.4864899e+00
  -8.1210426e-01
  -8.4503881e-02
   6.9129148e-01
   1.5095675e+00
   2.3639832e+00
   3.2476482e+00
   4.1532085e+00
   5.0729394e+00
   5.9988439e+00
   6.9227555e+00
   7.8364423e+00
   8.7317134e+00
   9.6005222e+00
   1.0435069e+01
   1.1227896e+01
   1.1971982e+01
   1.2660818e+01
   1.3288492e+01
   1.3849743e+01
   1.4340021e+01
   1.4755526e+01
   1.5093236e+01
   1.5350928e+01
   1.5527180e+01
   1.5621366e+01
   1.5633634e+01
   1.5564883e+01
   1.5416718e+01
   1.5191408e+01
   1.4891827e+01
   1.4521397e+01
   1.4084024e+01
   1.3584027e+01
   1.3026071e+01
   1.2415099e+01
   1.1756266e+01
   1.1054869e+01
   1.0316295e+01
   9.5459568e+00
   8.7492484e+00
   7.9314992e+00
   7.0979370e+00
   6.2536571e+00
   5.4035982e+00
   4.5525244e+00
   3.7050130e+00
   2.8654475e+00
   2.0380147e+00
   1.2267056e+00
   4.3531790e-01
  -3.3253871e-01
  -1.0734382e+00
  -1.7841337e+00
  -2.4615545e+00
  -3.1028055e+00
  -3.7051697e+00
  -4.2661135e+00
  -4.7832967e+00
  -5.2545855e+00
  -5.6780699e+00
  -6.0520844e+00
  -6.3752317e+00
  -6.6464086e+00
  -6.8648342e+00
  -7.0300780e+00
  -7.1420874e+00
  -7.2012145e+00
  -7.2082388e+00
  -7.1643868e+00
  -7.0713464e+00
  -6.9312741e+00
  -6.7467963e+00
  -6.5210017e+00
  -6.2574253e+00
  -5.9600233e+00
  -5.6331394e+00
  -5.2814612e+00
  -4.9099682e+00
  -4.5238718e+00
  -4.1285479e+00
  -3.7294631e+00
  -3.3320962e+00
  -2.9418560e+00
  -2.5639974e+00
  -2.2035374e+00
  -1.8651727e+00
  -1.5532003e+00
  -1.2714444e+00
  -1.0231894e+00
  -8.1112120e-01
  -6.3727944e-01
  -5.0302000e-01
  -4.0899007e-01
  -3.5511595e-01
  -3.4060419e-01
  -3.6395623e-01
  -4.2299617e-01
  -5.1491153e-01
  -6.3630599e-01
  -7.8326313e-01
  -9.5142006e-01
  -1.1360492e+00
  -1.3321468e+00
  -1.5345259e+00
  -1.7379128e+00
  -1.9370436e+00
  -2.1267608e+00
  -2.3021054e+00
  -2.4584060e+00
  -2.5913597e+00
  -2.6971065e+00
  -2.7722930e+00
  -2.8141265e+00
  -2.8204176e+00
  -2.7896107e+00
  -2.7208027e+00
  -2.6137489e+00
  -2.4688571e+00
  -2.2871707e+00
  -2.0703396e+00
  -1.8205824e+00
  -1.5406393e+00
  -1.2337167e+00
  -9.0342645e-01
  -5.5371927e-01
  -1.8881538e-01
   1.8686754e-01
   5.6878664e-01
   9.5234578e-01
   1.3329653e+00
   1.7061488e+00
   2.0675460e+00
   2.4130102e+00
   2.7386509e+00
   3.0408792e+00
   3.3164480e+00
   3.5624843e+00
   3.7765151e+00
   3.9564868e+00
   4.1007776e+00
   4.2082039e+00
   4.2780208e+00
   4.3099165e+00
   4.3040026e+00
   4.2607990e+00
   4.1812155e+00
   4.0665290e+00
   3.9183583e+00
   3.7386362e+00
   3.5295790e+00
   3.2936545e+00
   3.0335484e+00
   2.7521295e+00
   2.4524142e+00
   2.1375299e+00
   1.8106784e+00
   1.4750988e+00
   1.1340312e+00
   7.9067926e-01
   4.4817492e-01
   1.0954293e-01
  -2.2233302e-01
  -5.4474268e-01
  -8.5517976e-01
  -1.1513700e+00
  -1.4312966e+00
  -1.6932222e+00
  -1.9357073e+00
  -2.1576250e+00
  -2.3581700e+00
  -2.5368641e+00
  -2.6935559e+00
  -2.8284144e+00
  -2.9419186e+00
  -3.0348398e+00
  -3.1082198e+00
  -3.1633429e+00
  -3.2017036e+00
  -3.2249694e+00
  -3.2349403e+00
  -3.2335050e+00
  -3.2225946e+00
  -3.2041363e+00
  -3.1800053e+00
  -3.1519789e+00
  -3.1216925e+00
  -3.0905983e+00
  -3.0599285e+00
  -3.0306647e+00
  -3.0035117e+00
  -2.9788807e+00
  -2.9568782e+00
  -2.9373046e+00
  -2.9196602e+00
  -2.9031608e+00
  -2.8867607e+00
  -2.8691850e+00
  -2.8489677e+00
  -2.8244983e+00
  -2.7940724e+00
  -2.7559478e+00
  -2.7084029e+00
  -2.6497973e+00
  -2.5786318e+00
  -2.4936074e+00
  -2.3936807e+00
  -2.2781145e+00
  -2.1465226e+00
  -1.9989061e+00
  -1.8356817e+00
  -1.6576998e+00
  -1.4662518e+00
  -1.2630666e+00
  -1.0502952e+00
  -8.3048463e-01
  -6.0654018e-01
  -3.8167750e-01
  -1.5936516e-01
   5.6741284e-02
   2.6287221e-01
   4.5522228e-01
   6.3003258e-01
   7.8367453e-01
   9.1273385e-01
   1.0140924e+00
   1.0850062e+00
   1.1231773e+00
   1.1268188e+00
   1.0947101e+00
   1.0262415e+00
   9.2144830e-01
   7.8103081e-01
   6.0636251e-01
   3.9948415e-01
   1.6308465e-01
  -9.9530978e-02
  -3.8448633e-01
  -6.8738969e-01
  -1.0034006e+00
  -1.3273052e+00
  -1.6535995e+00
  -1.9765779e+00
  -2.2904254e+00
  -2.5893125e+00
  -2.8674897e+00
  -3.1193799e+00
  -3.3396677e+00
  -3.5233831e+00
  -3.6659783e+00
  -3.7633958e+00
  -3.8121282e+00
  -3.8092662e+00
  -3.7525365e+00
  -3.6403276e+00
  -3.4717049e+00
  -3.2464128e+00
  -2.9648662e+00
  -2.6281320e+00
  -2.2378988e+00
  -1.7964393e+00
  -1.3065633e+00
  -7.7156459e-01
  -1.9516162e-01
   4.1856560e-01
   1.0652421e+00
   1.7402662e+00
   2.4388780e+00
   3.1562278e+00
   3.8874418e+00
   4.6276864e+00
   5.3722275e+00
   6.1164864e+00
   6.8560910e+00
   7.5869209e+00
   8.3051480e+00
   9.0072703e+00
   9.6901407e+00
   1.0350990e+01
   1.0987445e+01
   1.1597539e+01
   1.2179720e+01
   1.2732852e+01
   1.3256216e+01
   1.3749501e+01
   1.4212794e+01
   1.4646571e+01
   1.5051677e+01
   1.5429309e+01
   1.5780994e+01
   1.6108565e+01
   1.6414136e+01
   1.6700073e+01
   1.6968962e+01
   1.7223578e+01
   1.7466852e+01
   1.7701831e+01
   1.7931641e+01
   1.8159449e+01
   1.8388417e+01
   1.8621664e+01
   1.8862218e+01
   1.9112971e+01
   1.9376637e+01
   1.9655704e+01
   1.9952388e+01
   2.0268593e+01
   2.0605866e+01
   2.0965359e+01
   2.1347792e+01
   2.1753423e+01
   2.2182015e+01
   2.2632820e+01
   2.3104556e+01
   2.3595401e+01
   2.4102986e+01
   2.4624403e+01
   2.5156212e+01
   2.5694464e+01
   2.6234724e+01
   2.6772111e+01
   2.7301335e+01
   2.7816748e+01
   2.8312403e+01
   2.8782112e+01
   2.9219515e+01
   2.9618151e+01
   2.9971532e+01
   3.0273222e+01
   3.0516915e+01
   3.0696511e+01
   3.0806197e+01
   3.0840521e+01
   3.0794463e+01
   3.0663504e+01
   3.0443689e+01
   3.0131681e+01
   2.9724815e+01
   2.9221134e+01
   2.8619427e+01
   2.7919252e+01
   2.7120955e+01
   2.6225673e+01
   2.5235337e+01
   2.4152657e+01
   2.2981110e+01
   2.1724906e+01
   2.0388958e+01
   1.8978839e+01
   1.7500736e+01
   1.5961394e+01
   1.4368061e+01
   1.2728424e+01
   1.1050548e+01
   9.3428012e+00
   7.6137951e+00
   5.8723090e+00
   4.1272237e+00
   2.3874521e+00
   6.6187231e-01
  -1.0407371e+00
  -2.7117597e+00
  -4.3428010e+00
  -5.9257446e+00
  -7.4528046e+00
  -8.9165754e+00
  -1.0310076e+01
  -1.1626791e+01
  -1.2860708e+01
  -1.4006351e+01
  -1.5058809e+01
  -1.6013761e+01
  -1.6867496e+01
  -1.7616936e+01
  -1.8259644e+01
  -1.8793839e+01
  -1.9218403e+01
  -1.9532887e+01
  -1.9737511e+01
  -1.9833162e+01
  -1.9821395e+01
  -1.9704424e+01
  -1.9485111e+01
  -1.9166957e+01
  -1.8754087e+01
  -1.8251231e+01
  -1.7663704e+01
  -1.6997384e+01
  -1.6258685e+01
  -1.5454526e+01
  -1.4592297e+01
  -1.3679826e+01
  -1.2725333e+01
  -1.1737390e+01
  -1.0724873e+01
  -9.6969044e+00
  -8.6628053e+00
  -7.6320304e+00
  -6.6141073e+00
  -5.6185693e+00
  -4.6548864e+00
  -3.7323928e+00
  -2.8602125e+00
  -2.0471830e+00
  -1.3017775e+00
  -6.3202755e-01
  -4.5444389e-02
   4.5105716e-01
   8.5123376e-01
   1.1495855e+00
   1.3414240e+00
   1.4229360e+00
   1.3912406e+00
   1.2444402e+00
   9.8166362e-01
   6.0310058e-01
   1.1002631e-01
  -4.9518359e-01
  -1.2090495e+00
  -2.0269954e+00
  -2.9433688e+00
  -3.9514723e+00
  -5.0436072e+00
  -6.2111304e+00
  -7.4445213e+00
  -8.7334620e+00
  -1.0066927e+01
  -1.1433282e+01
  -1.2820395e+01
  -1.4215753e+01
  -1.5606581e+01
  -1.6979975e+01
  -1.8323031e+01
  -1.9622979e+01
  -2.0867316e+01
  -2.2043939e+01
  -2.3141272e+01
  -2.4148389e+01
  -2.5055133e+01
  -2.5852223e+01
  -2.6531354e+01
  -2.7085283e+01
  -2.7507905e+01
  -2.7794317e+01
  -2.7940868e+01
  -2.7945191e+01
  -2.7806223e+01
  -2.7524215e+01
  -2.7100718e+01
  -2.6538563e+01
  -2.5841823e+01
  -2.5015763e+01
  -2.4066783e+01
  -2.3002340e+01
  -2.1830872e+01
  -2.0561705e+01
  -1.9204957e+01
  -1.7771437e+01
  -1.6272539e+01
  -1.4720134e+01
  -1.3126459e+01
  -1.1504004e+01
  -9.8654131e+00
  -8.2233666e+00
  -6.5904857e+00
  -4.9792301e+00
  -3.4018043e+00
  -1.8700683e+00
  -3.9545366e-01
   1.0111140e+00
   2.3392871e+00
   3.5793620e+00
   4.7223394e+00
   5.7599780e+00
   6.6848441e+00
   7.4903547e+00
   8.1708162e+00
   8.7214581e+00
   9.1384622e+00
   9.4189876e+00
   9.5611904e+00
   9.5642409e+00
   9.4283347e+00
   9.1547001e+00
   8.7456012e+00
   8.2043351e+00
   7.5352249e+00
   6.7436057e+00
   5.8358056e+00
   4.8191191e+00
   3.7017743e+00
   2.4928917e+00
   1.2024354e+00
  -1.5884382e-01
  -1.5794739e+00
  -3.0473358e+00
  -4.5497463e+00
  -6.0735483e+00
  -7.6052104e+00
  -9.1309331e+00
  -1.0636762e+01
  -1.2108705e+01
  -1.3532858e+01
  -1.4895532e+01
  -1.6183379e+01
  -1.7383526e+01
  -1.8483699e+01
  -1.9472351e+01
  -2.0338784e+01
  -2.1073262e+01
  -2.1667117e+01
  -2.2112851e+01
  -2.2404216e+01
  -2.2536292e+01
  -2.2505543e+01
  -2.2309864e+01
  -2.1948611e+01
  -2.1422610e+01
  -2.0734156e+01
  -1.9886991e+01
  -1.8886266e+01
  -1.7738491e+01
  -1.6451462e+01
  -1.5034182e+01
  -1.3496762e+01
  -1.1850315e+01
  -1.0106841e+01
  -8.2790931e+00
  -6.3804541e+00
  -4.4247933e+00
  -2.4263294e+00
  -3.9948865e-01
   1.6412335e+00
   3.6814096e+00
   5.7068116e+00
   7.7035362e+00
   9.6581235e+00
   1.1557666e+01
   1.3389906e+01
   1.5143330e+01
   1.6807239e+01
   1.8371822e+01
   1.9828206e+01
   2.1168502e+01
   2.2385835e+01
   2.3474371e+01
   2.4429320e+01
   2.5246946e+01
   2.5924554e+01
   2.6460481e+01
   2.6854070e+01
   2.7105647e+01
   2.7216482e+01
   2.7188759e+01
   2.7025533e+01
   2.6730685e+01
   2.6308877e+01
   2.5765508e+01
   2.5106660e+01
   2.4339052e+01
   2.3469988e+01
   2.2507305e+01
   2.1459319e+01
   2.0334774e+01
   1.9142786e+01
   1.7892783e+01
   1.6594453e+01
   1.5257680e+01
   1.3892486e+01
   1.2508963e+01
   1.1117211e+01
   9.7272676e+00
   8.3490425e+00
   6.9922423e+00
   5.6663003e+00
   4.3803039e+00
   3.1429210e+00
   1.9623282e+00
   8.4614047e-01
  -1.9865754e-01
  -1.1657756e+00
  -2.0496783e+00
  -2.8456392e+00
  -3.5497887e+00
  -4.1591541e+00
  -4.6716912e+00
  -5.0863052e+00
  -5.4028628e+00
  -5.6221920e+00
  -5.7460710e+00
  -5.7772050e+00
  -5.7191909e+00
  -5.5764710e+00
  -5.3542739e+00
  -5.0585455e+00
  -4.6958694e+00
  -4.2733776e+00
  -3.7986540e+00
  -3.2796304e+00
  -2.7244776e+00
  -2.1414925e+00
  -1.5389839e+00
  -9.2515735e-01
  -3.0800261e-01
   3.0481624e-01
   9.0606479e-01
   1.4890354e+00
   2.0476359e+00
   2.5764675e+00
   3.0708923e+00
   3.5270873e+00
   3.9420853e+00
   4.3138019e+00
   4.6410480e+00
   4.9235268e+00
   5.1618175e+00
   5.3573435e+00
   5.5123279e+00
   5.6297356e+00
   5.7132042e+00
   5.7669634e+00
   5.7957464e+00
   5.8046935e+00
   5.7992489e+00
   5.7850552e+00
   5.7678438e+00
   5.7533262e+00
   5.7470863e+00
   5.7544754e+00
   5.7805127e+00
   5.8297918e+00
   5.9063958e+00
   6.0138202e+00
   6.1549077e+00
   6.3317931e+00
   6.5458608e+00
   6.7977145e+00
   7.0871597e+00
   7.4131994e+00
   7.7740424e+00
   8.1671242e+00
   8.5891400e+00
   9.0360888e+00
   9.5033286e+00
   9.9856409e+00
   1.0477303e+01
   1.0972171e+01
   1.1463762e+01
   1.1945349e+01
   1.2410054e+01
   1.2850947e+01
   1.3261139e+01
   1.3633884e+01
   1.3962672e+01
   1.4241317e+01
   1.4464050e+01
   1.4625600e+01
   1.4721262e+01
   1.4746977e+01
   1.4699379e+01
   1.4575855e+01
   1.4374582e+01
   1.4094558e+01
   1.3735623e+01
   1.3298472e+01
   1.2784649e+01
   1.2196544e+01
   1.1537364e+01
   1.0811110e+01
   1.0022527e+01
   9.1770637e+00
   8.2808057e+00
   7.3404148e+00
   6.3630535e+00
   5.3563060e+00
   4.3280940e+00
   3.2865878e+00
   2.2401152e+00
   1.1970680e+00
   1.6580768e-01
  -8.4542795e-01
  -1.8286167e+00
  -2.7760414e+00
  -3.6803744e+00
  -4.5347584e+00
  -5.3328797e+00
  -6.0690356e+00
  -6.7381929e+00
  -7.3360381e+00
  -7.8590184e+00
  -8.3043725e+00
  -8.6701508e+00
  -8.9552260e+00
  -9.1592922e+00
  -9.2828538e+00
  -9.3272042e+00
  -9.2943944e+00
  -9.1871926e+00
  -9.0090346e+00
  -8.7639669e+00
  -8.4565823e+00
  -8.0919507e+00
  -7.6755441e+00
  -7.2131585e+00
  -6.7108340e+00
  -6.1747737e+00
  -5.6112622e+00
  -5.0265872e+00
  -4.4269623e+00
  -3.8184547e+00
  -3.2069179e+00
  -2.5979294e+00
  -1.9967359e+00
  -1.4082059e+00
  -8.3678970e-01
  -2.8648763e-01
   2.3917275e-01
   7.3715151e-01
   1.2049027e+00
   1.6403727e+00
   2.0419909e+00
   2.4086536e+00
   2.7397009e+00
   3.0348887e+00
   3.2943555e+00
   3.5185854e+00
   3.7083680e+00
   3.8647567e+00
   3.9890251e+00
   4.0826239e+00
   4.1471383e+00
   4.1842463e+00
   4.1956798e+00
   4.1831873e+00
   4.1485013e+00
   4.0933077e+00
   4.0192199e+00
   3.9277567e+00
   3.8203242e+00
   3.6982018e+00
   3.5625316e+00
   3.4143126e+00
   3.2543969e+00
   3.0834899e+00
   2.9021533e+00
   2.7108098e+00
   2.5097500e+00
   2.2991417e+00
   2.0790391e+00
   1.8493938e+00
   1.6100665e+00
   1.3608383e+00
   1.1014230e+00
   8.3147908e-01
   5.5062181e-01
   2.5843486e-01
  -4.5517707e-02
  -3.6167977e-01
  -6.9049150e-01
  -1.0323777e+00
  -1.3877358e+00
  -1.7569242e+00
  -2.1402501e+00
  -2.5379570e+00
  -2.9502121e+00
  -3.3770941e+00
  -3.8185802e+00
  -4.2745338e+00
  -4.7446921e+00
  -5.2286550e+00
  -5.7258741e+00
  -6.2356437e+00
  -6.7570925e+00
  -7.2891781e+00
  -7.8306829e+00
  -8.3802137e+00
  -8.9362030e+00
  -9.4969139e+00
  -1.0060449e+01
  -1.0624762e+01
  -1.1187673e+01
  -1.1746887e+01
  -1.2300016e+01
  -1.2844603e+01
  -1.3378154e+01
  -1.3898162e+01
  -1.4402142e+01
  -1.4887663e+01
  -1.5352382e+01
  -1.5794074e+01
  -1.6210665e+01
  -1.6600264e+01
  -1.6961183e+01
  -1.7291968e+01
  -1.7591413e+01
  -1.7858579e+01
  -1.8092798e+01
  -1.8293685e+01
  -1.8461130e+01
  -1.8595292e+01
  -1.8696591e+01
  -1.8765685e+01
  -1.8803450e+01
  -1.8810952e+01
  -1.8789415e+01
  -1.8740191e+01
  -1.8664721e+01
  -1.8564500e+01
  -1.8441043e+01
  -1.8295847e+01
  -1.8130358e+01
  -1.7945946e+01
  -1.7743873e+01
  -1.7525282e+01
  -1.7291171e+01
  -1.7042396e+01
  -1.6779659e+01
  -1.6503521e+01
  -1.6214408e+01
  -1.5912631e+01
  -1.5598410e+01
  -1.5271901e+01
  -1.4933231e+01
  -1.4582533e+01
  -1.4219987e+01
  -1.3845858e+01
  -1.3460534e+01
  -1.3064569e+01
  -1.2658712e+01
  -1.2243940e+01
  -1.1821485e+01
  -1.1392847e+01
  -1.0959810e+01
  -1.0524441e+01
  -1.0089087e+01
  -9.6563558e+00
  -9.2290928e+00
  -8.8103488e+00
  -8.4033363e+00
  -8.0113802e+00
  -7.6378613e+00
  -7.2861536e+00
  -6.9595579e+00
  -6.6612325e+00
  -6.3941220e+00
  -6.1608875e+00
  -5.9638385e+00
  -5.8048687e+00
  -5.6853974e+00
  -5.6063177e+00
  -5.5679537e+00
  -5.5700266e+00
  -5.6116319e+00
  -5.6912274e+00
  -5.8066338e+00
  -5.9550464e+00
  -6.1330593e+00
  -6.3367010e+00
  -6.5614804e+00
  -6.8024437e+00
  -7.0542392e+00
  -7.3111905e+00
  -7.5673752e+00
  -7.8167081e+00
  -8.0530277e+00
  -8.2701828e+00
  -8.4621194e+00
  -8.6229649e+00
  -8.7471077e+00
  -8.8292727e+00
  -8.8645890e+00
  -8.8486509e+00
  -8.7775689e+00
  -8.6480131e+00
  -8.4572456e+00
  -8.2031438e+00
  -7.8842137e+00
  -7.4995938e+00
  -7.0490502e+00
  -6.5329630e+00
  -5.9523060e+00
  -5.3086195e+00
  -4.6039775e+00
  -3.8409514e+00
  -3.0225696e+00
  -2.1522757e+00
  -1.2338851e+00
  -2.7154217e-01
   7.3032242e-01
   1.7670328e+00
   2.8337067e+00
   3.9252925e+00
   5.0366027e+00
   6.1623460e+00
   7.2971551e+00
   8.4356141e+00
   9.5722819e+00
   1.0701716e+01
   1.1818492e+01
   1.2917229e+01
   1.3992605e+01
   1.5039385e+01
   1.6052438e+01
   1.7026765e+01
   1.7957526e+01
   1.8840064e+01
   1.9669942e+01
   2.0442970e+01
   2.1155241e+01
   2.1803167e+01
   2.2383519e+01
   2.2893459e+01
   2.3330577e+01
   2.3692933e+01
   2.3979079e+01
   2.4188098e+01
   2.4319624e+01
   2.4373863e+01
   2.4351609e+01
   2.4254248e+01
   2.4083756e+01
   2.3842697e+01
   2.3534197e+01
   2.3161922e+01
   2.2730045e+01
   2.2243200e+01
   2.1706429e+01
   2.1125129e+01
   2.0504984e+01
   1.9851895e+01
   1.9171906e+01
   1.8471129e+01
   1.7755661e+01
   1.7031512e+01
   1.6304525e+01
   1.5580302e+01
   1.4864137e+01
   1.4160954e+01
   1.3475247e+01
   1.2811040e+01
   1.2171841e+01
   1.1560619e+01
   1.0979784e+01
   1.0431181e+01
   9.9160886e+00
   9.4352374e+00
   8.9888304e+00
   8.5765752e+00
   8.1977248e+00
   7.8511247e+00
   7.5352665e+00
   7.2483458e+00
   6.9883238e+00
   6.7529901e+00
   6.5400266e+00
   6.3470697e+00
   6.1717711e+00
   6.0118539e+00
   5.8651648e+00
   5.7297204e+00
   5.6037465e+00
   5.4857113e+00
   5.3743495e+00
   5.2686800e+00
   5.1680143e+00
   5.0719580e+00
   4.9804044e+00
   4.8935205e+00
   4.8117269e+00
   4.7356721e+00
   4.6662008e+00
   4.6043189e+00
   4.5511550e+00
   4.5079190e+00
   4.4758607e+00
   4.4562263e+00
   4.4502172e+00
   4.4589488e+00
   4.4834119e+00
   4.5244376e+00
   4.5826648e+00
   4.6585119e+00
   4.7521533e+00
   4.8635003e+00
   4.9921869e+00
   5.1375610e+00
   5.2986797e+00
   5.4743110e+00
   5.6629395e+00
   5.8627766e+00
   6.0717757e+00
   6.2876513e+00
   6.5079019e+00
   6.7298363e+00
   6.9506030e+00
   7.1672219e+00
   7.3766190e+00
   7.5756618e+00
   7.7611971e+00
   7.9300889e+00
   8.0792571e+00
   8.2057161e+00
   8.3066133e+00
   8.3792661e+00
   8.4211981e+00
   8.4301731e+00
   8.4042275e+00
   8.3416994e+00
   8.2412554e+00
   8.1019131e+00
   7.9230609e+00
   7.7044726e+00
   7.4463189e+00
   7.1491730e+00
   6.8140127e+00
   6.4422164e+00
   6.0355550e+00
   5.5961787e+00
   5.1265989e+00
   4.6296656e+00
   4.1085401e+00
   3.5666644e+00
   3.0077262e+00
   2.4356214e+00
   1.8544137e+00
   1.2682925e+00
   6.8152927e-01
   9.8433293e-02
  -4.7669242e-01
  -1.0395947e+00
  -1.5861125e+00
  -2.1122169e+00
  -2.6140495e+00
  -3.0879563e+00
  -3.5305204e+00
  -3.9385885e+00
  -4.3092958e+00
  -4.6400854e+00
  -4.9287241e+00
  -5.1733140e+00
  -5.3723013e+00
  -5.5244796e+00
  -5.6289923e+00
  -5.6853302e+00
  -5.6933278e+00
  -5.6531575e+00
  -5.5653223e+00
  -5.4306473e+00
  -5.2502708e+00
  -5.0256356e+00
  -4.7584797e+00
  -4.4508281e+00
  -4.1049846e+00
  -3.7235250e+00
  -3.3092897e+00
  -2.8653778e+00
  -2.3951413e+00
  -1.9021781e+00
  -1.3903261e+00
  -8.6365506e-01
  -3.2645747e-01
   2.1676254e-01
   7.6130308e-01
   1.3022812e+00
   1.8346535e+00
   2.3532402e+00
   2.8527535e+00
   3.3278311e+00
   3.7730731e+00
   4.1830842e+00
   4.5525200e+00
   4.8761364e+00
   5.1488437e+00
   5.3657619e+00
   5.5222794e+00
   5.6141114e+00
   5.6373590e+00
   5.5885673e+00
   5.4647808e+00
   5.2635958e+00
   4.9832083e+00
   4.6224564e+00
   4.1808559e+00
   3.6586286e+00
   3.0567228e+00
   2.3768237e+00
   1.6213558e+00
   7.9347533e-01
  -1.0294771e-01
  -1.0633561e+00
  -2.0825417e+00
  -3.1546905e+00
  -4.2734357e+00
  -5.4319181e+00
  -6.6228526e+00
  -7.8386006e+00
  -9.0712462e+00
  -1.0312675e+01
  -1.1554656e+01
  -1.2788924e+01
  -1.4007258e+01
  -1.5201565e+01
  -1.6363957e+01
  -1.7486825e+01
  -1.8562907e+01
  -1.9585362e+01
  -2.0547824e+01
  -2.1444462e+01
  -2.2270031e+01
  -2.3019918e+01
  -2.3690183e+01
  -2.4277595e+01
  -2.4779661e+01
  -2.5194653e+01
  -2.5521631e+01
  -2.5760457e+01
  -2.5911810e+01
  -2.5977190e+01
  -2.5958927e+01
  -2.5860173e+01
  -2.5684901e+01
  -2.5437891e+01
  -2.5124711e+01
  -2.4751691e+01
  -2.4325894e+01
  -2.3855073e+01
  -2.3347621e+01
  -2.2812515e+01
  -2.2259244e+01
  -2.1697728e+01
  -2.1138231e+01
  -2.0591256e+01
  -2.0067434e+01
  -1.9577397e+01
  -1.9131650e+01
  -1.8740425e+01
  -1.8413534e+01
  -1.8160216e+01
  -1.7988977e+01
  -1.7907432e+01
  -1.7922151e+01
  -1.8038506e+01
  -1.8260531e+01
  -1.8590785e+01
  -1.9030239e+01
  -1.9578177e+01
  -2.0232118e+01
  -2.0987762e+01
  -2.1838960e+01
  -2.2777723e+01
  -2.3794249e+01
  -2.4876988e+01
  -2.6012742e+01
  -2.7186791e+01
  -2.8383057e+01
  -2.9584294e+01
  -3.0772307e+01
  -3.1928199e+01
  -3.3032636e+01
  -3.4066132e+01
  -3.5009348e+01
  -3.5843395e+01
  -3.6550142e+01
  -3.7112525e+01
  -3.7514838e+01
  -3.7743018e+01
  -3.7784903e+01
  -3.7630468e+01
  -3.7272032e+01
  -3.6704424e+01
  -3.5925114e+01
  -3.4934302e+01
  -3.3734958e+01
  -3.2332827e+01
  -3.0736374e+01
  -2.8956690e+01
  -2.7007356e+01
  -2.4904259e+01
  -2.2665374e+01
  -2.0310505e+01
  -1.7861002e+01
  -1.5339447e+01
  -1.2769326e+01
  -1.0174684e+01
  -7.5797777e+00
  -5.0087190e+00
  -2.4851367e+00
  -3.1842038e-02
   2.3294834e+00
   4.5785774e+00
   6.6968568e+00
   8.6676456e+00
   1.0476365e+01
   1.2110687e+01
   1.3560643e+01
   1.4818695e+01
   1.5879765e+01
   1.6741220e+01
   1.7402824e+01
   1.7866645e+01
   1.8136943e+01
   1.8220012e+01
   1.8124011e+01
   1.7858766e+01
   1.7435557e+01
   1.6866901e+01
   1.6166324e+01
   1.5348126e+01
   1.4427165e+01
   1.3418631e+01
   1.2337847e+01
   1.1200072e+01
   1.0020329e+01
   8.8132478e+00
   7.5929311e+00
   6.3728405e+00
   5.1657038e+00
   3.9834436e+00
   2.8371258e+00
   1.7369269e+00
   6.9211782e-01
  -2.8893795e-01
  -1.1987733e+00
  -2.0307970e+00
  -2.7792664e+00
  -3.4392544e+00
  -4.0066146e+00
  -4.4779467e+00
  -4.8505618e+00
  -5.1224529e+00
  -5.2922683e+00
  -5.3592903e+00
  -5.3234203e+00
  -5.1851682e+00
  -4.9456477e+00
  -4.6065762e+00
  -4.1702772e+00
  -3.6396858e+00
  -3.0183543e+00
  -2.3104565e+00
  -1.5207905e+00
  -6.5477557e-01
   2.8155563e-01
   1.2815728e+00
   2.3380723e+00
   3.4433109e+00
   4.5890506e+00
   5.7666126e+00
   6.9669439e+00
   8.1806930e+00
   9.3982958e+00
   1.0610070e+01
   1.1806317e+01
   1.2977428e+01
   1.4113999e+01
   1.5206940e+01
   1.6247587e+01
   1.7227818e+01
   1.8140150e+01
   1.8977842e+01
   1.9734982e+01
   2.0406564e+01
   2.0988555e+01
   2.1477941e+01
   2.1872767e+01
   2.2172154e+01
   2.2376301e+01
   2.2486473e+01
   2.2504970e+01
   2.2435081e+01
   2.2281028e+01
   2.2047887e+01
   2.1741508e+01
   2.1368417e+01
   2.0935714e+01
   2.0450965e+01
   1.9922084e+01
   1.9357226e+01
   1.8764661e+01
   1.8152670e+01
   1.7529430e+01
   1.6902910e+01
   1.6280775e+01
   1.5670298e+01
   1.5078276e+01
   1.4510965e+01
   1.3974014e+01
   1.3472425e+01
   1.3010508e+01
   1.2591858e+01
   1.2219339e+01
   1.1895077e+01
   1.1620469e+01
   1.1396188e+01
   1.1222214e+01
   1.1097855e+01
   1.1021791e+01
   1.0992108e+01
   1.1006352e+01
   1.1061576e+01
   1.1154399e+01
   1.1281061e+01
   1.1437484e+01
   1.1619335e+01
   1.1822088e+01
   1.2041090e+01
   1.2271619e+01
   1.2508954e+01
   1.2748431e+01
   1.2985506e+01
   1.3215814e+01
   1.3435222e+01
   1.3639886e+01
   1.3826294e+01
   1.3991316e+01
   1.4132240e+01
   1.4246807e+01
   1.4333242e+01
   1.4390273e+01
   1.4417144e+01
   1.4413628e+01
   1.4380020e+01
   1.4317133e+01
   1.4226280e+01
   1.4109248e+01
   1.3968268e+01
   1.3805973e+01
   1.3625352e+01
   1.3429695e+01
   1.3222537e+01
   1.3007593e+01
   1.2788691e+01
   1.2569705e+01
   1.2354485e+01
   1.2146787e+01
   1.1950209e+01
   1.1768127e+01
   1.1603634e+01
   1.1459491e+01
   1.1338084e+01
   1.1241382e+01
   1.1170913e+01
   1.1127746e+01
   1.1112483e+01
   1.1125262e+01
   1.1165766e+01
   1.1233252e+01
   1.1326574e+01
   1.1444227e+01
   1.1584392e+01
   1.1744986e+01
   1.1923722e+01
   1.2118161e+01
   1.2325778e+01
   1.2544017e+01
   1.2770350e+01
   1.3002330e+01
   1.3237635e+01
   1.3474119e+01
   1.3709836e+01
   1.3943073e+01
   1.4172365e+01
   1.4396501e+01
   1.4614529e+01
   1.4825740e+01
   1.5029653e+01
   1.5225990e+01
   1.5414641e+01
   1.5595632e+01
   1.5769077e+01
   1.5935140e+01
   1.6093988e+01
   1.6245748e+01
   1.6390464e+01
   1.6528062e+01
   1.6658315e+01
   1.6780818e+01
   1.6894967e+01
   1.6999949e+01
   1.7094737e+01
   1.7178097e+01
   1.7248599e+01
   1.7304640e+01
   1.7344472e+01
   1.7366234e+01
   1.7367996e+01
   1.7347800e+01
   1.7303704e+01
   1.7233833e+01
   1.7136421e+01
   1.7009858e+01
   1.6852726e+01
   1.6663840e+01
   1.6442270e+01
   1.6187368e+01
   1.5898780e+01
   1.5576452e+01
   1.5220626e+01
   1.4831831e+01
   1.4410862e+01
   1.3958756e+01
   1.3476759e+01
   1.2966287e+01
   1.2428891e+01
   1.1866208e+01
   1.1279921e+01
   1.0671719e+01
   1.0043257e+01
   9.3961211e+00
   8.7318015e+00
   8.0516726e+00
   7.3569798e+00
   6.6488367e+00
   5.9282310e+00
   5.1960409e+00
   4.4530604e+00
   3.7000333e+00
   2.9376956e+00
   2.1668245e+00
   1.3882925e+00
   6.0312504e-01
  -1.8744027e-01
  -9.8189506e-01
  -1.7784043e+00
  -2.5747553e+00
  -3.3683143e+00
  -4.1559909e+00
  -4.9342153e+00
  -5.6989264e+00
  -6.4455750e+00
  -7.1691411e+00
  -7.8641668e+00
  -8.5248053e+00
  -9.1448844e+00
  -9.7179853e+00
  -1.0237535e+01
  -1.0696909e+01
  -1.1089547e+01
  -1.1409075e+01
  -1.1649431e+01
  -1.1804996e+01
  -1.1870721e+01
  -1.1842258e+01
  -1.1716076e+01
  -1.1489569e+01
  -1.1161161e+01
  -1.0730382e+01
  -1.0197940e+01
  -9.5657638e+00
  -8.8370329e+00
  -8.0161803e+00
  -7.1088756e+00
  -6.1219845e+00
  -5.0635065e+00
  -3.9424902e+00
  -2.7689291e+00
  -1.5536389e+00
  -3.0811762e-01
   9.5560703e-01
   2.2251423e+00
   3.4879025e+00
   4.7312860e+00
   5.9428541e+00
   7.1105070e+00
   8.2226558e+00
   9.2683848e+00
   1.0237604e+01
   1.1121185e+01
   1.1911085e+01
   1.2600444e+01
   1.3183673e+01
   1.3656506e+01
   1.4016049e+01
   1.4260783e+01
   1.4390566e+01
   1.4406599e+01
   1.4311376e+01
   1.4108613e+01
   1.3803161e+01
   1.3400900e+01
   1.2908621e+01
   1.2333896e+01
   1.1684941e+01
   1.0970472e+01
   1.0199556e+01
   9.3814652e+00
   8.5255318e+00
   7.6410072e+00
   6.7369299e+00
   5.8220013e+00
   4.9044745e+00
   3.9920543e+00
   3.0918134e+00
   2.2101223e+00
   1.3525967e+00
   5.2405995e-01
  -2.7147685e-01
  -1.0308193e+00
  -1.7515784e+00
  -2.4321441e+00
  -3.0716455e+00
  -3.6698986e+00
  -4.2273433e+00
  -4.7449708e+00
  -5.2242438e+00
  -5.6670113e+00
  -6.0754196e+00
  -6.4518216e+00
  -6.7986863e+00
  -7.1185108e+00
  -7.4137355e+00
  -7.6866657e+00
  -7.9393995e+00
  -8.1737649e+00
  -8.3912664e+00
  -8.5930416e+00
  -8.7798307e+00
  -8.9519561e+00
  -9.1093163e+00
  -9.2513905e+00
  -9.3772564e+00
  -9.4856191e+00
  -9.5748523e+00
  -9.6430478e+00
  -9.6880767e+00
  -9.7076559e+00
  -9.6994238e+00
  -9.6610185e+00
  -9.5901612e+00
  -9.4847399e+00
  -9.3428933e+00
  -9.1630926e+00
  -8.9442189e+00
  -8.6856349e+00
  -8.3872494e+00
  -8.0495724e+00
  -7.6737597e+00
  -7.2616454e+00
  -6.8157619e+00
  -6.3393464e+00
  -5.8363320e+00
  -5.3113257e+00
  -4.7695705e+00
  -4.2168945e+00
  -3.6596451e+00
  -3.1046110e+00
  -2.5589328e+00
  -2.0300026e+00
  -1.5253556e+00
  -1.0525549e+00
  -6.1907125e-01
  -2.3216054e-01
   1.0125869e-01
   3.7472612e-01
   5.8235578e-01
   7.1894563e-01
   7.8007806e-01
   7.6220957e-01
   6.6274750e-01
   4.8011227e-01
   2.1378372e-01
  -1.3566959e-01
  -5.6657881e-01
  -1.0761816e+00
  -1.6606470e+00
  -2.3151190e+00
  -3.0337768e+00
  -3.8099124e+00
  -4.6360225e+00
  -5.5039156e+00
  -6.4048294e+00
  -7.3295590e+00
  -8.2685927e+00
  -9.2122526e+00
  -1.0150838e+01
  -1.1074769e+01
  -1.1974729e+01
  -1.2841801e+01
  -1.3667596e+01
  -1.4444374e+01
  -1.5165156e+01
  -1.5823816e+01
  -1.6415165e+01
  -1.6935017e+01
  -1.7380237e+01
  -1.7748774e+01
  -1.8039676e+01
  -1.8253085e+01
  -1.8390219e+01
  -1.8453337e+01
  -1.8445681e+01
  -1.8371416e+01
  -1.8235546e+01
  -1.8043826e+01
  -1.7802658e+01
  -1.7518986e+01
  -1.7200178e+01
  -1.6853908e+01
  -1.6488037e+01
  -1.6110487e+01
  -1.5729125e+01
  -1.5351645e+01
  -1.4985456e+01
  -1.4637573e+01
  -1.4314525e+01
  -1.4022263e+01
  -1.3766079e+01
  -1.3550538e+01
  -1.3379422e+01
  -1.3255682e+01
  -1.3181407e+01
  -1.3157796e+01
  -1.3185157e+01
  -1.3262902e+01
  -1.3389564e+01
  -1.3562821e+01
  -1.3779536e+01
  -1.4035798e+01
  -1.4326978e+01
  -1.4647801e+01
  -1.4992408e+01
  -1.5354444e+01
  -1.5727140e+01
  -1.6103407e+01
  -1.6475926e+01
  -1.6837255e+01
  -1.7179920e+01
  -1.7496526e+01
  -1.7779852e+01
  -1.8022953e+01
  -1.8219260e+01
  -1.8362669e+01
  -1.8447636e+01
  -1.8469253e+01
  -1.8423331e+01
  -1.8306460e+01
  -1.8116072e+01
  -1.7850488e+01
  -1.7508950e+01
  -1.7091652e+01
  -1.6599745e+01
  -1.6035341e+01
  -1.5401494e+01
  -1.4702174e+01
  -1.3942227e+01
  -1.3127316e+01
  -1.2263858e+01
  -1.1358942e+01
  -1.0420241e+01
  -9.4559104e+00
  -8.4744824e+00
  -7.4847491e+00
  -6.4956430e+00
  -5.5161136e+00
  -4.5550025e+00
  -3.6209189e+00
  -2.7221176e+00
  -1.8663823e+00
  -1.0609141e+00
  -3.1222961e-01
   3.7393154e-01
   9.9268699e-01
   1.5400791e+00
   2.0131279e+00
   2.4098689e+00
   2.7293749e+00
   2.9717619e+00
   3.1381780e+00
   3.2307771e+00
   3.2526763e+00
   3.2078995e+00
   3.1013062e+00
   2.9385096e+00
   2.7257827e+00
   2.4699562e+00
   2.1783096e+00
   1.8584566e+00
   1.5182285e+00
   1.1655561e+00
   8.0835344e-01
   4.5440463e-01
   1.1125579e-01
  -2.1388581e-01
  -5.1424423e-01
  -7.8355746e-01
  -1.0161490e+00
  -1.2069876e+00
  -1.3517348e+00
  -1.4467793e+00
  -1.4892592e+00
  -1.4770711e+00
  -1.4088678e+00
  -1.2840443e+00
  -1.1027134e+00
  -8.6567257e-01
  -5.7436199e-01
  -2.3081666e-01
   1.6238708e-01
   6.0218874e-01
   1.0851032e+00
   1.6072813e+00
   2.1645696e+00
   2.7525690e+00
   3.3666907e+00
   4.0022080e+00
   4.6543044e+00
   5.3181166e+00
   5.9887721e+00
   6.6614215e+00
   7.3312658e+00
   7.9935782e+00
   8.6437213e+00
   9.2771600e+00
   9.8894715e+00
   1.0476352e+01
   1.1033620e+01
   1.1557224e+01
   1.2043241e+01
   1.2487885e+01
   1.2887512e+01
   1.3238626e+01
   1.3537890e+01
   1.3782144e+01
   1.3968416e+01
   1.4093951e+01
   1.4156228e+01
   1.4152994e+01
   1.4082296e+01
   1.3942513e+01
   1.3732393e+01
   1.3451095e+01
   1.3098222e+01
   1.2673862e+01
   1.2178624e+01
   1.1613671e+01
   1.0980751e+01
   1.0282219e+01
   9.5210563e+00
   8.7008851e+00
   7.8259686e+00
   6.9012077e+00
   5.9321274e+00
   4.9248525e+00
   3.8860748e+00
   2.8230101e+00
   1.7433450e+00
   6.5517524e-01
  -4.3306492e-01
  -1.5126814e+00
  -2.5748059e+00
  -3.6104867e+00
  -4.6107854e+00
  -5.5668753e+00
  -6.4701427e+00
  -7.3122878e+00
  -8.0854245e+00
  -8.7821770e+00
  -9.3957723e+00
  -9.9201262e+00
  -1.0349922e+01
  -1.0680683e+01
  -1.0908829e+01
  -1.1031727e+01
  -1.1047734e+01
  -1.0956215e+01
  -1.0757562e+01
  -1.0453189e+01
  -1.0045525e+01
  -9.5379830e+00
  -8.9349248e+00
  -8.2416113e+00
  -7.4641419e+00
  -6.6093839e+00
  -5.6848941e+00
  -4.6988314e+00
  -3.6598648e+00
  -2.5770753e+00
  -1.4598552e+00
  -3.1780510e-01
   8.3936915e-01
   2.0019586e+00
   3.1603510e+00
   4.3051268e+00
   5.4271506e+00
   6.5176559e+00
   7.5683238e+00
   8.5713540e+00
   9.5195268e+00
   1.0406257e+01
   1.1225639e+01
   1.1972483e+01
   1.2642340e+01
   1.3231522e+01
   1.3737108e+01
   1.4156949e+01
   1.4489658e+01
   1.4734601e+01
   1.4891870e+01
   1.4962267e+01
   1.4947267e+01
   1.4848987e+01
   1.4670149e+01
   1.4414040e+01
   1.4084471e+01
   1.3685736e+01
   1.3222565e+01
   1.2700085e+01
   1.2123776e+01
   1.1499425e+01
   1.0833090e+01
   1.0131055e+01
   9.3997907e+00
   8.6459147e+00
   7.8761537e+00
   7.0973046e+00
   6.3161958e+00
   5.5396500e+00
   4.7744455e+00
   4.0272776e+00
   3.3047193e+00
   2.6131818e+00
   1.9588731e+00
   1.3477573e+00
   7.8551180e-01
   2.7748469e-01
  -1.7134831e-01
  -5.5642698e-01
  -8.7364934e-01
  -1.1194133e+00
  -1.2906570e+00
  -1.3848970e+00
  -1.4002632e+00
  -1.3355312e+00
  -1.1901491e+00
  -9.6426070e-01
  -6.5872185e-01
  -2.7511115e-01
   1.8426650e-01
   7.1638369e-01
   1.3175021e+00
   1.9831922e+00
   2.7083612e+00
   3.4872890e+00
   4.3136725e+00
   5.1806777e+00
   6.0809983e+00
   7.0069227e+00
   7.9504048e+00
   8.9031421e+00
   9.8566557e+00
   1.0802375e+01
   1.1731725e+01
   1.2636210e+01
   1.3507502e+01
   1.4337523e+01
   1.5118531e+01
   1.5843188e+01
   1.6504642e+01
   1.7096582e+01
   1.7613305e+01
   1.8049760e+01
   1.8401591e+01
   1.8665168e+01
   1.8837613e+01
   1.8916811e+01
   1.8901411e+01
   1.8790828e+01
   1.8585220e+01
   1.8285473e+01
   1.7893167e+01
   1.7410540e+01
   1.6840444e+01
   1.6186299e+01
   1.5452042e+01
   1.4642071e+01
   1.3761186e+01
   1.2814538e+01
   1.1807566e+01
   1.0745945e+01
   9.6355279e+00
   8.4822982e+00
   7.2923183e+00
   6.0716865e+00
   4.8264952e+00
   3.5627955e+00
   2.2865641e+00
   1.0036759e+00
  -2.8011977e-01
  -1.5592194e+00
  -2.8281818e+00
  -4.0817411e+00
  -5.3148188e+00
  -6.5225320e+00
  -7.7002020e+00
  -8.8433607e+00
  -9.9477579e+00
  -1.1009369e+01
  -1.2024401e+01
  -1.2989304e+01
  -1.3900780e+01
  -1.4755799e+01
  -1.5551605e+01
  -1.6285740e+01
  -1.6956058e+01
  -1.7560743e+01
  -1.8098329e+01
  -1.8567721e+01
  -1.8968214e+01
  -1.9299515e+01
  -1.9561757e+01
  -1.9755518e+01
  -1.9881834e+01
  -1.9942209e+01
  -1.9938617e+01
  -1.9873509e+01
  -1.9749801e+01
  -1.9570867e+01
  -1.9340521e+01
  -1.9062990e+01
  -1.8742884e+01
  -1.8385157e+01
  -1.7995061e+01
  -1.7578093e+01
  -1.7139936e+01
  -1.6686395e+01
  -1.6223325e+01
  -1.5756560e+01
  -1.5291835e+01
  -1.4834702e+01
  -1.4390458e+01
  -1.3964059e+01
  -1.3560043e+01
  -1.3182458e+01
  -1.2834790e+01
  -1.2519896e+01
  -1.2239951e+01
  -1.1996400e+01
  -1.1789913e+01
  -1.1620364e+01
  -1.1486810e+01
  -1.1387490e+01
  -1.1319830e+01
  -1.1280468e+01
  -1.1265288e+01
  -1.1269469e+01
  -1.1287548e+01
  -1.1313491e+01
  -1.1340781e+01
  -1.1362514e+01
  -1.1371503e+01
  -1.1360396e+01
  -1.1321790e+01
  -1.1248363e+01
  -1.1132995e+01
  -1.0968901e+01
  -1.0749758e+01
  -1.0469827e+01
  -1.0124076e+01
  -9.7082857e+00
  -9.2191568e+00
  -8.6543982e+00
  -8.0128057e+00
  -7.2943248e+00
  -6.5000982e+00
  -5.6324956e+00
  -4.6951261e+00
  -3.6928312e+00
  -2.6316591e+00
  -1.5188205e+00
  -3.6262449e-01
   8.2760305e-01
   2.0416183e+00
   3.2683748e+00
   4.4961537e+00
   5.7127060e+00
   6.9054069e+00
   8.0614186e+00
   9.1678590e+00
   1.0211976e+01
   1.1181320e+01
   1.2063921e+01
   1.2848456e+01
   1.3524411e+01
   1.4082239e+01
   1.4513501e+01
   1.4810994e+01
   1.4968868e+01
   1.4982720e+01
   1.4849673e+01
   1.4568432e+01
   1.4139318e+01
   1.3564285e+01
   1.2846912e+01
   1.1992370e+01
   1.1007371e+01
   9.9000955e+00
   8.6801012e+00
   7.3582087e+00
   5.9463754e+00
   4.4575513e+00
   2.9055232e+00
   1.3047472e+00
  -3.2982588e-01
  -1.9829320e+00
  -3.6391779e+00
  -5.2832264e+00
  -6.8999787e+00
  -8.4747538e+00
  -9.9934598e+00
  -1.1442757e+01
  -1.2810209e+01
  -1.4084422e+01
  -1.5255169e+01
  -1.6313497e+01
  -1.7251817e+01
  -1.8063979e+01
  -1.8745322e+01
  -1.9292710e+01
  -1.9704548e+01
  -1.9980777e+01
  -2.0122850e+01
  -2.0133692e+01
  -2.0017641e+01
  -1.9780375e+01
  -1.9428822e+01
  -1.8971053e+01
  -1.8416176e+01
  -1.7774200e+01
  -1.7055909e+01
  -1.6272718e+01
  -1.5436526e+01
  -1.4559570e+01
  -1.3654271e+01
  -1.2733087e+01
  -1.1808363e+01
  -1.0892188e+01
  -9.9962571e+00
  -9.1317374e+00
  -8.3091482e+00
  -7.5382455e+00
  -6.8279199e+00
  -6.1861063e+00
  -5.6197055e+00
  -5.1345199e+00
  -4.7352031e+00
  -4.4252239e+00
  -4.2068449e+00
  -4.0811160e+00
  -4.0478821e+00
  -4.1058060e+00
  -4.2524045e+00
  -4.4840978e+00
  -4.7962725e+00
  -5.1833548e+00
  -5.6388957e+00
  -6.1556648e+00
  -6.7257531e+00
  -7.3406816e+00
  -7.9915164e+00
  -8.6689864e+00
  -9.3636046e+00
  -1.0065789e+01
  -1.0765981e+01
  -1.1454767e+01
  -1.2122987e+01
  -1.2761845e+01
  -1.3363007e+01
  -1.3918697e+01
  -1.4421776e+01
  -1.4865813e+01
  -1.5245147e+01
  -1.5554937e+01
  -1.5791193e+01
  -1.5950803e+01
  -1.6031538e+01
  -1.6032055e+01
  -1.5951877e+01
  -1.5791367e+01
  -1.5551693e+01
  -1.5234773e+01
  -1.4843228e+01
  -1.4380306e+01
  -1.3849822e+01
  -1.3256072e+01
  -1.2603762e+01
  -1.1897922e+01
  -1.1143823e+01
  -1.0346901e+01
  -9.5126775e+00
  -8.6466818e+00
  -7.7543847e+00
  -6.8411341e+00
  -5.9120979e+00
  -4.9722153e+00
  -4.0261554e+00
  -3.0782842e+00
  -2.1326407e+00
  -1.1929205e+00
  -2.6246826e-01
   6.5572291e-01
   1.5590043e+00
   2.4450584e+00
   3.3118805e+00
   4.1577553e+00
   4.9812301e+00
   5.7810859e+00
   6.5563062e+00
   7.3060463e+00
   8.0296027e+00
   8.7263838e+00
   9.3958829e+00
   1.0037655e+01
   1.0651295e+01
   1.1236423e+01
   1.1792672e+01
   1.2319677e+01
   1.2817077e+01
   1.3284510e+01
   1.3721622e+01
   1.4128073e+01
   1.4503547e+01
   1.4847770e+01
   1.5160519e+01
   1.5441644e+01
   1.5691082e+01
   1.5908870e+01
   1.6095167e+01
   1.6250262e+01
   1.6374586e+01
   1.6468722e+01
   1.6533407e+01
   1.6569537e+01
   1.6578164e+01
   1.6560487e+01
   1.6517849e+01
   1.6451717e+01
   1.6363673e+01
   1.6255391e+01
   1.6128618e+01
   1.5985150e+01
   1.5826810e+01
   1.5655424e+01
   1.5472793e+01
   1.5280676e+01
   1.5080759e+01
   1.4874643e+01
   1.4663819e+01
   1.4449657e+01
   1.4233390e+01
   1.4016106e+01
   1.3798741e+01
   1.3582077e+01
   1.3366741e+01
   1.3153208e+01
   1.2941812e+01
   1.2732747e+01
   1.2526084e+01
   1.2321781e+01
   1.2119697e+01
   1.1919609e+01
   1.1721225e+01
   1.1524197e+01
   1.1328139e+01
   1.1132640e+01
   1.0937273e+01
   1.0741608e+01
   1.0545221e+01
   1.0347700e+01
   1.0148650e+01
   9.9476972e+00
   9.7444897e+00
   9.5386992e+00
   9.3300192e+00
   9.1181632e+00
   8.9028626e+00
   8.6838644e+00
   8.4609288e+00
   8.2338278e+00
   8.0023445e+00
   7.7662741e+00
   7.5254257e+00
   7.2796269e+00
   7.0287292e+00
   6.7726160e+00
   6.5112129e+00
   6.2444987e+00
   5.9725188e+00
   5.6954002e+00
   5.4133666e+00
   5.1267547e+00
   4.8360309e+00
   4.5418065e+00
   4.2448534e+00
   3.9461169e+00
   3.6467276e+00
   3.3480105e+00
   3.0514900e+00
   2.7588933e+00
   2.4721484e+00
   2.1933786e+00
   1.9248928e+00
   1.6691708e+00
   1.4288451e+00
   1.2066772e+00
   1.0055310e+00
   8.2834109e-01
   6.7807884e-01
   5.5771471e-01
   4.7017859e-01
   4.1831831e-01
   4.0485708e-01
   4.3235067e-01
   5.0314491e-01
   6.1933446e-01
   7.8272332e-01
   9.9478803e-01
   1.2566441e+00
   1.5690163e+00
   1.9322131e+00
   2.3461065e+00
   2.8101162e+00
   3.3232005e+00
   3.8838511e+00
   4.4900958e+00
   5.1395048e+00
   5.8292042e+00
   6.5558942e+00
   7.3158727e+00
   8.1050635e+00
   8.9190490e+00
   9.7531071e+00
   1.0602251e+01
   1.1461273e+01
   1.2324788e+01
   1.3187284e+01
   1.4043165e+01
   1.4886808e+01
   1.5712602e+01
   1.6515007e+01
   1.7288593e+01
   1.8028093e+01
   1.8728443e+01
   1.9384827e+01
   1.9992717e+01
   2.0547908e+01
   2.1046555e+01
   2.1485199e+01
   2.1860801e+01
   2.2170760e+01
   2.2412934e+01
   2.2585655e+01
   2.2687745e+01
   2.2718516e+01
   2.2677779e+01
   2.2565843e+01
   2.2383505e+01
   2.2132045e+01
   2.1813212e+01
   2.1429206e+01
   2.0982656e+01
   2.0476594e+01
   1.9914428e+01
   1.9299908e+01
   1.8637093e+01
   1.7930309e+01
   1.7184109e+01
   1.6403233e+01
   1.5592558e+01
   1.4757056e+01
   1.3901746e+01
   1.3031647e+01
   1.2151730e+01
   1.1266874e+01
   1.0381820e+01
   9.5011324e+00
   8.6291536e+00
   7.7699730e+00
   6.9273919e+00
   6.1048955e+00
   5.3056289e+00
   4.5323781e+00
   3.7875563e+00
   3.0731955e+00
   2.3909430e+00
   1.7420640e+00
   1.1274490e+00
   5.4762676e-01
   2.7812414e-03
  -5.0722628e-01
  -9.8283168e-01
  -1.4247390e+00
  -1.8338888e+00
  -2.2114244e+00
  -2.5586568e+00
  -2.8770290e+00
  -3.1680806e+00
  -3.4334129e+00
  -3.6746560e+00
  -3.8934374e+00
  -4.0913539e+00
  -4.2699465e+00
  -4.4306790e+00
  -4.5749204e+00
  -4.7039314e+00
  -4.8188557e+00
  -4.9207145e+00
  -5.0104061e+00
  -5.0887090e+00
  -5.1562876e+00
  -5.2137029e+00
  -5.2614237e+00
  -5.2998412e+00
  -5.3292842e+00
  -5.3500353e+00
  -5.3623474e+00
  -5.3664590e+00
  -5.3626085e+00
  -5.3510473e+00
  -5.3320495e+00
  -5.3059201e+00
  -5.2729989e+00
  -5.2336623e+00
  -5.1883210e+00
  -5.1374145e+00
  -5.0814026e+00
  -5.0207535e+00
  -4.9559302e+00
  -4.8873733e+00
  -4.8154842e+00
  -4.7406057e+00
  -4.6630036e+00
  -4.5828482e+00
  -4.5001978e+00
  -4.4149836e+00
  -4.3269983e+00
  -4.2358873e+00
  -4.1411454e+00
  -4.0421168e+00
  -3.9380010e+00
  -3.8278640e+00
  -3.7106549e+00
  -3.5852280e+00
  -3.4503699e+00
  -3.3048322e+00
  -3.1473679e+00
  -2.9767719e+00
  -2.7919246e+00
  -2.5918372e+00
  -2.3756982e+00
  -2.1429196e+00
  -1.8931825e+00
  -1.6264788e+00
  -1.3431507e+00
  -1.0439245e+00
  -7.2993861e-01
  -4.0276459e-01
  -6.4420239e-02
   2.8262587e-01
   6.3545920e-01
   9.9073357e-01
   1.3446954e+00
   1.6932178e+00
   2.0318440e+00
   2.3558400e+00
   2.6602559e+00
   2.9399940e+00
   3.1898844e+00
   3.4047645e+00
   3.5795635e+00
   3.7093883e+00
   3.7896104e+00
   3.8159516e+00
   3.7845669e+00
   3.6921232e+00
   3.5358721e+00
   3.3137145e+00
   3.0242571e+00
   2.6668582e+00
   2.2416624e+00
   1.7496232e+00
   1.1925131e+00
   5.7292083e-01
  -1.0576529e-01
  -8.3938599e-01
  -1.6230529e+00
  -2.4512018e+00
  -3.3176575e+00
  -4.2157078e+00
  -5.1381866e+00
  -6.0775637e+00
  -7.0260406e+00
  -7.9756493e+00
  -8.9183543e+00
  -9.8461533e+00
  -1.0751178e+01
  -1.1625792e+01
  -1.2462679e+01
  -1.3254935e+01
  -1.3996140e+01
  -1.4680432e+01
  -1.5302566e+01
  -1.5857960e+01
  -1.6342740e+01
  -1.6753760e+01
  -1.7088623e+01
  -1.7345684e+01
  -1.7524042e+01
  -1.7623531e+01
  -1.7644686e+01
  -1.7588716e+01
  -1.7457461e+01
  -1.7253342e+01
  -1.6979315e+01
  -1.6638811e+01
  -1.6235679e+01
  -1.5774126e+01
  -1.5258659e+01
  -1.4694024e+01
  -1.4085152e+01
  -1.3437101e+01
  -1.2755011e+01
  -1.2044052e+01
  -1.1309385e+01
  -1.0556122e+01
  -9.7892958e+00
  -9.0138265e+00
  -8.2345006e+00
  -7.4559496e+00
  -6.6826321e+00
  -5.9188206e+00
  -5.1685896e+00
  -4.4358058e+00
  -3.7241203e+00
  -3.0369603e+00
  -2.3775228e+00
  -1.7487667e+00
  -1.1534054e+00
  -5.9389834e-01
  -7.2441828e-02
   4.0904108e-01
   8.4891118e-01
   1.2458244e+00
   1.5987434e+00
   1.9069483e+00
   2.1700476e+00
   2.3879874e+00
   2.5610583e+00
   2.6899007e+00
   2.7755062e+00
   2.8192164e+00
   2.8227159e+00
   2.7880229e+00
   2.7174728e+00
   2.6136981e+00
   2.4796028e+00
   2.3183312e+00
   2.1332325e+00
   1.9278206e+00
   1.7057299e+00
   1.4706683e+00
   1.2263669e+00
   9.7652930e-01
   7.2477931e-01
   4.7461003e-01
   2.2933432e-01
  -7.9618358e-03
  -2.3446194e-01
  -4.4765660e-01
  -6.4537508e-01
  -8.2581005e-01
  -9.8753463e-01
  -1.1295114e+00
  -1.2510926e+00
  -1.3520123e+00
  -1.4323691e+00
  -1.4926009e+00
  -1.5334519e+00
  -1.5559322e+00
  -1.5612710e+00
  -1.5508651e+00
  -1.5262226e+00
  -1.4889048e+00
  -1.4404667e+00
  -1.3823973e+00
  -1.3160626e+00
  -1.2426517e+00
  -1.1631276e+00
  -1.0781843e+00
  -9.8821204e-01
  -8.9326986e-01
  -7.9306882e-01
  -6.8696460e-01
  -5.7396073e-01
  -4.5272254e-01
  -3.2160148e-01
  -1.7866965e-01
  -2.1763749e-02
   1.5146245e-01
   3.4347817e-01
   5.5680961e-01
   7.9396943e-01
   1.0573832e+00
   1.3493149e+00
   1.6717927e+00
   2.0265377e+00
   2.4148966e+00
   2.8377803e+00
   3.2956103e+00
   3.7882744e+00
   4.3150917e+00
   4.8747896e+00
   5.4654932e+00
   6.0847260e+00
   6.7294245e+00
   7.3959649e+00
   8.0802018e+00
   8.7775189e+00
   9.4828900e+00
   1.0190950e+01
   1.0896071e+01
   1.1592452e+01
   1.2274204e+01
   1.2935442e+01
   1.3570383e+01
   1.4173431e+01
   1.4739273e+01
   1.5262956e+01
   1.5739970e+01
   1.6166314e+01
   1.6538556e+01
   1.6853883e+01
   1.7110135e+01
   1.7305834e+01
   1.7440191e+01
   1.7513109e+01
   1.7525168e+01
   1.7477599e+01
   1.7372244e+01
   1.7211516e+01
   1.6998331e+01
   1.6736054e+01
   1.6428418e+01
   1.6079456e+01
   1.5693416e+01
   1.5274682e+01
   1.4827695e+01
   1.4356872e+01
   1.3866537e+01
   1.3360845e+01
   1.2843724e+01
   1.2318818e+01
   1.1789439e+01
   1.1258533e+01
   1.0728650e+01
   1.0201926e+01
   9.6800771e+00
   9.1644000e+00
   8.6557850e+00
   8.1547355e+00
   7.6613965e+00
   7.1755900e+00
   6.6968557e+00
   6.2244974e+00
   5.7576321e+00
   5.2952412e+00
   4.8362233e+00
   4.3794456e+00
   3.9237946e+00
   3.4682237e+00
   3.0117966e+00
   2.5537273e+00
   2.0934134e+00
   1.6304644e+00
   1.1647230e+00
   6.9628043e-01
   2.2548462e-01
  -2.4705823e-01
  -7.2048834e-01
  -1.1937031e+00
  -1.6653734e+00
  -2.1339650e+00
  -2.5977641e+00
  -3.0549064e+00
  -3.5034090e+00
  -3.9412043e+00
  -4.3661745e+00
  -4.7761876e+00
  -5.1691312e+00
  -5.5429471e+00
  -5.8956625e+00
  -6.2254196e+00
  -6.5305025e+00
  -6.8093606e+00
  -7.0606282e+00
  -7.2831411e+00
  -7.4759492e+00
  -7.6383251e+00
  -7.7697688e+00
  -7.8700098e+00
  -7.9390050e+00
  -7.9769339e+00
  -7.9841909e+00
  -7.9613758e+00
  -7.9092813e+00
  -7.8288802e+00
  -7.7213098e+00
  -7.5878570e+00
  -7.4299415e+00
  -7.2490996e+00
  -7.0469678e+00
  -6.8252662e+00
  -6.5857831e+00
  -6.3303596e+00
  -6.0608755e+00
  -5.7792351e+00
  -5.4873547e+00
  -5.1871505e+00
  -4.8805275e+00
  -4.5693690e+00
  -4.2555272e+00
  -3.9408142e+00
  -3.6269937e+00
  -3.3157735e+00
  -3.0087985e+00
  -2.7076443e+00
  -2.4138108e+00
  -2.1287173e+00
  -1.8536976e+00
  -1.5899951e+00
  -1.3387597e+00
  -1.1010446e+00
  -8.7780364e-01
  -6.6989018e-01
  -4.7805593e-01
  -3.0295124e-01
  -1.4512606e-01
  -5.0318516e-03
   1.1697552e-01
   2.2063205e-01
   3.0576090e-01
   3.7226698e-01
   4.2013074e-01
   4.4940139e-01
   4.6018970e-01
   4.5266046e-01
   4.2702484e-01
   3.8353284e-01
   3.2246605e-01
   2.4413086e-01
   1.4885239e-01
   3.6969280e-02
  -9.1170433e-02
  -2.3521227e-01
  -3.9479692e-01
  -5.6956049e-01
  -7.5913322e-01
  -9.6313686e-01
  -1.1811806e+00
  -1.4128554e+00
  -1.6577280e+00
  -1.9153327e+00
  -2.1851634e+00
  -2.4666643e+00
  -2.7592212e+00
  -3.0621520e+00
  -3.3746984e+00
  -3.6960173e+00
  -4.0251743e+00
  -4.3611378e+00
  -4.7027752e+00
  -5.0488504e+00
  -5.3980242e+00
  -5.7488566e+00
  -6.0998113e+00
  -6.4492630e+00
  -6.7955073e+00
  -7.1367729e+00
  -7.4712359e+00
  -7.7970369e+00
  -8.1122991e+00
  -8.4151487e+00
  -8.7037367e+00
  -8.9762604e+00
  -9.2309868e+00
  -9.4662751e+00
  -9.6805989e+00
  -9.8725673e+00
  -1.0040945e+01
  -1.0184671e+01
  -1.0302872e+01
  -1.0394879e+01
  -1.0460234e+01
  -1.0498701e+01
  -1.0510265e+01
  -1.0495136e+01
  -1.0453745e+01
  -1.0386736e+01
  -1.0294956e+01
  -1.0179442e+01
  -1.0041407e+01
  -9.8822173e+00
  -9.7033734e+00
  -9.5064876e+00
  -9.2932589e+00
  -9.0654487e+00
  -8.8248550e+00
  -8.5732873e+00
  -8.3125424e+00
  -8.0443810e+00
  -7.7705060e+00
  -7.4925427e+00
  -7.2120217e+00
  -6.9303642e+00
  -6.6488701e+00
  -6.3687092e+00
  -6.0909157e+00
  -5.8163856e+00
  -5.5458771e+00
  -5.2800138e+00
  -5.0192922e+00
  -4.7640932e+00
  -4.5146983e+00
  -4.2713049e+00
  -4.0340429e+00
  -3.8029889e+00
  -3.5781787e+00
  -3.3596179e+00
  -3.1472906e+00
  -2.9411658e+00
  -2.7412031e+00
  -2.5473556e+00
  -2.3595730e+00
  -2.1778029e+00
  -2.0019918e+00
  -1.8320853e+00
  -1.6680282e+00
  -1.5097639e+00
  -1.3572345e+00
  -1.2103796e+00
  -1.0691367e+00
  -9.3343959e-01
  -8.0321907e-01
  -6.7840196e-01
  -5.5891114e-01
  -4.4466538e-01
  -3.3557938e-01
  -2.3156376e-01
  -1.3252525e-01
  -3.8366876e-02
   5.1011815e-02
   1.3571444e-01
   2.1584748e-01
   2.9151996e-01
   3.6284308e-01
   4.2992992e-01
   4.9289505e-01
   5.5185425e-01
   6.0692417e-01
   6.5822203e-01
   7.0586536e-01
   7.4997171e-01
   7.9065842e-01
   8.2804237e-01
   8.6223981e-01
   8.9336612e-01
   9.2153566e-01
   9.4686159e-01
   9.6945572e-01
   9.8942839e-01
   1.0068883e+00
   1.0219425e+00
   1.0346960e+00
   1.0452521e+00
   1.0537121e+00
   1.0601749e+00
   1.0647376e+00
   1.0674949e+00
   1.0685391e+00
   1.0679605e+00
   1.0658467e+00
   1.0622832e+00
   1.0573529e+00
   1.0511366e+00
   1.0437124e+00
   1.0351561e+00
   1.0255413e+00
   1.0149391e+00
   1.0034184e+00
   9.9104568e-01
   9.7788534e-01
   9.6399954e-01
   9.4944834e-01
   9.3428967e-01
   9.1857946e-01
   9.0237166e-01
   8.8571827e-01
   8.6866941e-01
   8.5127336e-01
   8.3357660e-01
   8.1562386e-01
   7.9745813e-01
   7.7912071e-01
   7.6065124e-01
   7.4208770e-01
   7.2346643e-01
   7.0482218e-01
   6.8618807e-01
   6.6759564e-01
   6.4907481e-01
   6.3065395e-01
   6.1235983e-01
   5.9421762e-01
   5.7625095e-01
   5.5848187e-01
   5.4093086e-01
   5.2361688e-01
   5.0655732e-01
   4.8976810e-01
   4.7326363e-01
   4.5705686e-01
   4.4115933e-01
   4.2558118e-01
   4.1033121e-01
   3.9541691e-01
   3.8084454e-01
   3.6661915e-01
   3.5274467e-01
   3.3922395e-01
   3.2605883e-01
   3.1325019e-01
   3.0079805e-01
   2.8870160e-01
   2.7695927e-01
   2.6556880e-01
   2.5452732e-01
   2.4383138e-01
   2.3347701e-01
   2.2345979e-01
   2.1377489e-01
   2.0441712e-01
   1.9538098e-01
   1.8666068e-01
   1.7825020e-01
   1.7014331e-01
   1.6233360e-01
   1.5481451e-01
   1.4757937e-01
   1.4062138e-01
   1.3393368e-01
   1.2750932e-01
   1.2134131e-01
   1.1542264e-01
   1.0974625e-01
   1.0430509e-01
   9.9092108e-02
   9.4100282e-02
   8.9322609e-02
   8.4752135e-02
   8.0381961e-02
   7.6205255e-02
   7.2215268e-02
   6.8405344e-02
   6.4768930e-02
   6.1299590e-02
   5.7991014e-02
   5.4837028e-02
   5.1831604e-02
   4.8968865e-02
   4.6243093e-02
   4.3648734e-02
   4.1180403e-02
   3.8832882e-02
   3.6601125e-02
   3.4480254e-02
   3.2465558e-02
   3.0552491e-02
   2.8736665e-02
   2.7013845e-02
   2.5379944e-02
   2.3831016e-02
   2.2363248e-02
   2.0972952e-02
   1.9656563e-02
   1.8410628e-02
   1.7231800e-02
   1.6116836e-02
   1.5062593e-02
   1.4066022e-02
   1.3124168e-02
   1.2234172e-02
   1.1393266e-02
   1.0598779e-02
   9.8481398e-03
   9.1388774e-03
   8.4686275e-03
   7.8351367e-03
   7.2362668e-03
   6.6700002e-03
   6.1344439e-03
   5.6278336e-03
   5.1485369e-03
   4.6950552e-03
   4.2660245e-03
   3.8602149e-03
   3.4765284e-03
   3.1139950e-03
   2.7717670e-03
   2.4491121e-03
   2.1454042e-03
   1.8601130e-03
   1.5927920e-03
   1.3430660e-03
   1.1106165e-03
   8.9516731e-04
   6.9646956e-04
   5.1428659e-04
   3.4837917e-04
   1.9849134e-04
   6.4337241e-05
  -5.4410828e-05
  -1.5813278e-04
  -2.4726932e-04
  -3.2232851e-04
  -3.8389011e-04
  -4.3260773e-04
  -4.6920855e-04
  -4.9449074e-04
  -5.0931860e-04
  -5.1461555e-04
  -5.1135515e-04
  -5.0055036e-04
  -4.8324131e-04
  -4.6048194e-04
  -4.3332579e-04
  -4.0281135e-04
  -3.6994728e-04
  -3.3569799e-04
  -3.0096987e-04
  -2.6659847e-04
  -2.3333716e-04
  -2.0184731e-04
  -1.7269047e-04
  -1.4632253e-04
  -1.2309028e-04
  -1.0323013e-04
  -8.6869338e-05
  -7.4029496e-05
  -6.4632256e-05
  -5.8507163e-05
  -5.5401361e-05
  -5.4990923e-05
  -5.6893524e-05
  -6.0682120e-05
  -6.5899277e-05
  -7.2071796e-05
  -7.8725244e-05
  -8.5398038e-05
  -9.1654714e-05
  -9.7098067e-05
  -1.0137984e-04
  -1.0420972e-04
  -1.0536244e-04
  -1.0468281e-04
  -1.0208853e-04
  -9.7570888e-05
  -9.1193193e-05
  -8.3087087e-05
  -7.3446910e-05
  -6.2522236e-05
  -5.0608859e-05
  -3.8038487e-05
  -2.5167451e-05
  -1.2364784e-05
