   1.3483105e+01
   9.9227716e+00
   6.2725178e+00
   2.5857868e+00
  -1.0823822e+00
  -4.6764460e+00
  -8.1414861e+00
  -1.1424347e+01
  -1.4474754e+01
  -1.7246386e+01
  -1.9697872e+01
  -2.1793681e+01
  -2.3504896e+01
  -2.4809829e+01
  -2.5694478e+01
  -2.6152799e+01
  -2.6186796e+01
  -2.5806409e+01
  -2.5029216e+01
  -2.3879947e+01
  -2.2389816e+01
  -2.0595705e+01
  -1.8539201e+01
  -1.6265515e+01
  -1.3822325e+01
  -1.1258557e+01
  -8.6231372e+00
  -5.9637700e+00
  -3.3257440e+00
  -7.5082427e-01
   1.7237501e+00
   4.0661326e+00
   6.2505754e+00
   8.2579532e+00
   1.0076092e+01
   1.1699891e+01
   1.3131235e+01
   1.4378692e+01
   1.5457024e+01
   1.6386492e+01
   1.7192011e+01
   1.7902146e+01
   1.8548003e+01
   1.9162037e+01
   1.9776802e+01
   2.0423704e+01
   2.1131768e+01
   2.1926478e+01
   2.2828709e+01
   2.3853794e+01
   2.5010756e+01
   2.6301722e+01
   2.7721546e+01
   2.9257656e+01
   3.0890132e+01
   3.2592008e+01
   3.4329812e+01
   3.6064312e+01
   3.7751460e+01
   3.9343515e+01
   4.0790301e+01
   4.2040585e+01
   4.3043515e+01
   4.3750103e+01
   4.4114694e+01
   4.4096384e+01
   4.3660352e+01
   4.2779057e+01
   4.1433279e+01
   3.9612950e+01
   3.7317784e+01
   3.4557641e+01
   3.1352654e+01
   2.7733087e+01
   2.3738922e+01
   1.9419205e+01
   1.4831141e+01
   1.0038972e+01
   5.1126659e+00
   1.2643842e-01
  -4.8428413e+00
  -9.7173317e+00
  -1.4419938e+01
  -1.8876027e+01
  -2.3015095e+01
  -2.6772342e+01
  -3.0090119e+01
  -3.2919200e+01
  -3.5219861e+01
  -3.6962725e+01
  -3.8129363e+01
  -3.8712630e+01
  -3.8716727e+01
  -3.8157004e+01
  -3.7059488e+01
  -3.5460167e+01
  -3.3404046e+01
  -3.0943999e+01
  -2.8139447e+01
  -2.5054909e+01
  -2.1758444e+01
  -1.8320044e+01
  -1.4810014e+01
  -1.1297369e+01
  -7.8483076e+00
  -4.5247861e+00
  -1.3832293e+00
   1.5265871e+00
   4.1624629e+00
   6.4904864e+00
   8.4855216e+00
   1.0131463e+01
   1.1421260e+01
   1.2356706e+01
   1.2948027e+01
   1.3213256e+01
   1.3177442e+01
   1.2871708e+01
   1.2332189e+01
   1.1598876e+01
   1.0714420e+01
   9.7229002e+00
   8.6686163e+00
   7.5949210e+00
   6.5431274e+00
   5.5515185e+00
   4.6544788e+00
   3.8817688e+00
   3.2579535e+00
   2.8019961e+00
   2.5270183e+00
   2.4402273e+00
   2.5430028e+00
   2.8311336e+00
   3.2951904e+00
   3.9210157e+00
   4.6903129e+00
   5.5813099e+00
   6.5694769e+00
   7.6282734e+00
   8.7299007e+00
   9.8460406e+00
   1.0948558e+01
   1.2010148e+01
   1.3004922e+01
   1.3908904e+01
   1.4700445e+01
   1.5360545e+01
   1.5873074e+01
   1.6224909e+01
   1.6405978e+01
   1.6409220e+01
   1.6230486e+01
   1.5868372e+01
   1.5324010e+01
   1.4600831e+01
   1.3704302e+01
   1.2641663e+01
   1.1421675e+01
   1.0054375e+01
   8.5508704e+00
   6.9231536e+00
   5.1839633e+00
   3.3466788e+00
   1.4252537e+00
  -5.6581785e-01
  -2.6115055e+00
  -4.6962273e+00
  -6.8038220e+00
  -8.9175204e+00
  -1.1019926e+01
  -1.3093014e+01
  -1.5118163e+01
  -1.7076222e+01
  -1.8947628e+01
  -2.0712575e+01
  -2.2351232e+01
  -2.3844032e+01
  -2.5171998e+01
  -2.6317131e+01
  -2.7262835e+01
  -2.7994370e+01
  -2.8499333e+01
  -2.8768130e+01
  -2.8794446e+01
  -2.8575680e+01
  -2.8113332e+01
  -2.7413326e+01
  -2.6486249e+01
  -2.5347493e+01
  -2.4017290e+01
  -2.2520617e+01
  -2.0886979e+01
  -1.9150061e+01
  -1.7347240e+01
  -1.5518978e+01
  -1.3708091e+01
  -1.1958911e+01
  -1.0316360e+01
  -8.8249528e+00
  -7.5277507e+00
  -6.4652976e+00
  -5.6745580e+00
  -5.1878912e+00
  -5.0320877e+00
  -5.2274967e+00
  -5.7872715e+00
  -6.7167570e+00
  -8.0130406e+00
  -9.6646853e+00
  -1.1651656e+01
  -1.3945452e+01
  -1.6509442e+01
  -1.9299407e+01
  -2.2264281e+01
  -2.5347069e+01
  -2.8485942e+01
  -3.1615463e+01
  -3.4667939e+01
  -3.7574847e+01
  -4.0268324e+01
  -4.2682664e+01
  -4.4755798e+01
  -4.6430713e+01
  -4.7656789e+01
  -4.8391000e+01
  -4.8598962e+01
  -4.8255800e+01
  -4.7346811e+01
  -4.5867894e+01
  -4.3825760e+01
  -4.1237888e+01
  -3.8132248e+01
  -3.4546790e+01
  -3.0528704e+01
  -2.6133483e+01
  -2.1423802e+01
  -1.6468240e+01
  -1.1339879e+01
  -6.1148196e+00
  -8.7063769e-01
   4.3151763e+00
   9.3667530e+00
   1.4211326e+01
   1.8780623e+01
   2.3012130e+01
   2.6850216e+01
   3.0247070e+01
   3.3163457e+01
   3.5569264e+01
   3.7443831e+01
   3.8776066e+01
   3.9564354e+01
   3.9816247e+01
   3.9547984e+01
   3.8783817e+01
   3.7555205e+01
   3.5899876e+01
   3.3860789e+01
   3.1485036e+01
   2.8822702e+01
   2.5925723e+01
   2.2846764e+01
   1.9638145e+01
   1.6350847e+01
   1.3033611e+01
   9.7321538e+00
   6.4885152e+00
   3.3405398e+00
   3.2150710e-01
  -2.5400943e+00
  -5.2206497e+00
  -7.7013678e+00
  -9.9681057e+00
  -1.2011085e+01
  -1.3824519e+01
  -1.5406161e+01
  -1.6756806e+01
  -1.7879760e+01
  -1.8780296e+01
  -1.9465124e+01
  -1.9941890e+01
  -2.0218717e+01
  -2.0303808e+01
  -2.0205127e+01
  -1.9930153e+01
  -1.9485722e+01
  -1.8877959e+01
  -1.8112292e+01
  -1.7193549e+01
  -1.6126128e+01
  -1.4914227e+01
  -1.3562123e+01
  -1.2074488e+01
  -1.0456720e+01
  -8.7152797e+00
  -6.8580074e+00
  -4.8944153e+00
  -2.8359305e+00
  -6.9607975e-01
   1.5093942e+00
   3.7624967e+00
   6.0430288e+00
   8.3287232e+00
   1.0595468e+01
   1.2817615e+01
   1.4968366e+01
   1.7020232e+01
   1.8945546e+01
   2.0717027e+01
   2.2308366e+01
   2.3694836e+01
   2.4853887e+01
   2.5765726e+01
   2.6413860e+01
   2.6785575e+01
   2.6872356e+01
   2.6670214e+01
   2.6179925e+01
   2.5407160e+01
   2.4362509e+01
   2.3061394e+01
   2.1523862e+01
   1.9774275e+01
   1.7840896e+01
   1.5755378e+01
   1.3552165e+01
   1.1267832e+01
   8.9403602e+00
   6.6083780e+00
   4.3103812e+00
   2.0839475e+00
  -3.5032503e-02
  -2.0130913e+00
  -3.8198718e+00
  -5.4287489e+00
  -6.8173721e+00
  -7.9681174e+00
  -8.8684380e+00
  -9.5111082e+00
  -9.8943535e+00
  -1.0021867e+01
  -9.9027116e+00
  -9.5511116e+00
  -8.9861388e+00
  -8.2313011e+00
  -7.3140440e+00
  -6.2651755e+00
  -5.1182279e+00
  -3.9087703e+00
  -2.6736867e+00
  -1.4504348e+00
  -2.7629916e-01
   8.1234328e-01
   1.7807348e+00
   2.5964096e+00
   3.2298168e+00
   3.6548821e+00
   3.8494995e+00
   3.7959446e+00
   3.4812031e+00
   2.8972123e+00
   2.0410097e+00
   9.1479070e-01
  -4.7412483e-01
  -2.1134155e+00
  -3.9859658e+00
  -6.0701535e+00
  -8.3402108e+00
  -1.0766652e+01
  -1.3316758e+01
  -1.5955115e+01
  -1.8644183e+01
  -2.1344908e+01
  -2.4017346e+01
  -2.6621298e+01
  -2.9116949e+01
  -3.1465496e+01
  -3.3629757e+01
  -3.5574757e+01
  -3.7268270e+01
  -3.8681327e+01
  -3.9788662e+01
  -4.0569116e+01
  -4.1005959e+01
  -4.1087163e+01
  -4.0805588e+01
  -4.0159105e+01
  -3.9150640e+01
  -3.7788136e+01
  -3.6084445e+01
  -3.4057144e+01
  -3.1728277e+01
  -2.9124031e+01
  -2.6274343e+01
  -2.3212463e+01
  -1.9974444e+01
  -1.6598613e+01
  -1.3124987e+01
  -9.5946806e+00
  -6.0492807e+00
  -2.5302313e+00
   9.2178668e-01
   4.2674574e+00
   7.4694070e+00
   1.0492745e+01
   1.3305563e+01
   1.5879377e+01
   1.8189513e+01
   2.0215419e+01
   2.1940914e+01
   2.3354350e+01
   2.4448698e+01
   2.5221558e+01
   2.5675083e+01
   2.5815827e+01
   2.5654520e+01
   2.5205774e+01
   2.4487722e+01
   2.3521609e+01
   2.2331330e+01
   2.0942939e+01
   1.9384121e+01
   1.7683661e+01
   1.5870897e+01
   1.3975191e+01
   1.2025404e+01
   1.0049407e+01
   8.0736260e+00
   6.1226323e+00
   4.2187802e+00
   2.3819078e+00
   6.2909685e-01
  -1.0255009e+00
  -2.5707711e+00
  -3.9986770e+00
  -5.3042340e+00
  -6.4854222e+00
  -7.5430389e+00
  -8.4804991e+00
  -9.3035876e+00
  -1.0020172e+01
  -1.0639882e+01
  -1.1173766e+01
  -1.1633928e+01
  -1.2033160e+01
  -1.2384578e+01
  -1.2701254e+01
  -1.2995878e+01
  -1.3280430e+01
  -1.3565892e+01
  -1.3861979e+01
  -1.4176919e+01
  -1.4517265e+01
  -1.4887756e+01
  -1.5291219e+01
  -1.5728508e+01
  -1.6198500e+01
  -1.6698125e+01
  -1.7222434e+01
  -1.7764710e+01
  -1.8316613e+01
  -1.8868354e+01
  -1.9408899e+01
  -1.9926190e+01
  -2.0407398e+01
  -2.0839178e+01
  -2.1207939e+01
  -2.1500127e+01
  -2.1702501e+01
  -2.1802414e+01
  -2.1788084e+01
  -2.1648858e+01
  -2.1375463e+01
  -2.0960238e+01
  -2.0397346e+01
  -1.9682963e+01
  -1.8815438e+01
  -1.7795425e+01
  -1.6625979e+01
  -1.5312615e+01
  -1.3863333e+01
  -1.2288597e+01
  -1.0601276e+01
  -8.8165371e+00
  -6.9516999e+00
  -5.0260419e+00
  -3.0605648e+00
  -1.0777179e+00
   8.9891622e-01
   2.8449718e+00
   4.7356790e+00
   6.5462692e+00
   8.2523977e+00
   9.8305783e+00
   1.1258620e+01
   1.2516062e+01
   1.3584584e+01
   1.4448410e+01
   1.5094659e+01
   1.5513667e+01
   1.5699251e+01
   1.5648917e+01
   1.5363996e+01
   1.4849710e+01
   1.4115161e+01
   1.3173235e+01
   1.2040430e+01
   1.0736593e+01
   9.2845870e+00
   7.7098783e+00
   6.0400583e+00
   4.3043055e+00
   2.5327990e+00
   7.5609645e-01
  -9.9551097e-01
  -2.6926518e+00
  -4.3075201e+00
  -5.8144978e+00
  -7.1907389e+00
  -8.4166992e+00
  -9.4765983e+00
  -1.0358799e+01
  -1.1056097e+01
  -1.1565905e+01
  -1.1890330e+01
  -1.2036140e+01
  -1.2014609e+01
  -1.1841262e+01
  -1.1535496e+01
  -1.1120113e+01
  -1.0620755e+01
  -1.0065261e+01
  -9.4829708e+00
  -8.9039651e+00
  -8.3582947e+00
  -7.8751923e+00
  -7.4822986e+00
  -7.2049204e+00
  -7.0653385e+00
  -7.0821861e+00
  -7.2699119e+00
  -7.6383440e+00
  -8.1923657e+00
  -8.9317125e+00
  -9.8508964e+00
  -1.0939259e+01
  -1.2181155e+01
  -1.3556259e+01
  -1.5039987e+01
  -1.6604031e+01
  -1.8216975e+01
  -1.9845001e+01
  -2.1452641e+01
  -2.3003576e+01
  -2.4461451e+01
  -2.5790686e+01
  -2.6957269e+01
  -2.7929501e+01
  -2.8678686e+01
  -2.9179735e+01
  -2.9411690e+01
  -2.9358135e+01
  -2.9007500e+01
  -2.8353251e+01
  -2.7393954e+01
  -2.6133231e+01
  -2.4579598e+01
  -2.2746198e+01
  -2.0650447e+01
  -1.8313587e+01
  -1.5760185e+01
  -1.3017572e+01
  -1.0115253e+01
  -7.0843002e+00
  -3.9567445e+00
  -7.6498844e-01
   2.4587528e+00
   5.6829636e+00
   8.8772845e+00
   1.2012903e+01
   1.5062877e+01
   1.8002377e+01
   2.0808866e+01
   2.3462196e+01
   2.5944645e+01
   2.8240892e+01
   3.0337944e+01
   3.2225017e+01
   3.3893401e+01
   3.5336296e+01
   3.6548653e+01
   3.7527022e+01
   3.8269415e+01
   3.8775204e+01
   3.9045042e+01
   3.9080842e+01
   3.8885778e+01
   3.8464346e+01
   3.7822454e+01
   3.6967549e+01
   3.5908773e+01
   3.4657129e+01
   3.3225661e+01
   3.1629615e+01
   2.9886585e+01
   2.8016620e+01
   2.6042281e+01
   2.3988635e+01
   2.1883173e+01
   1.9755647e+01
   1.7637819e+01
   1.5563109e+01
   1.3566158e+01
   1.1682297e+01
   9.9469343e+00
   8.3948704e+00
   7.0595541e+00
   5.9723008e+00
   5.1614883e+00
   4.6517559e+00
   4.4632287e+00
   4.6107932e+00
   5.1034478e+00
   5.9437530e+00
   7.1274035e+00
   8.6429422e+00
   1.0471633e+01
   1.2587506e+01
   1.4957584e+01
   1.7542288e+01
   2.0296039e+01
   2.3168018e+01
   2.6103107e+01
   2.9042966e+01
   3.1927236e+01
   3.4694847e+01
   3.7285378e+01
   3.9640467e+01
   4.1705203e+01
   4.3429490e+01
   4.4769326e+01
   4.5687972e+01
   4.6156976e+01
   4.6157013e+01
   4.5678523e+01
   4.4722124e+01
   4.3298777e+01
   4.1429697e+01
   3.9146015e+01
   3.6488174e+01
   3.3505095e+01
   3.0253107e+01
   2.6794687e+01
   2.3197022e+01
   1.9530435e+01
   1.5866718e+01
   1.2277414e+01
   8.8320801e+00
   5.5965995e+00
   2.6315648e+00
  -9.2072190e-03
  -2.2799992e+00
  -4.1443140e+00
  -5.5757640e+00
  -6.5587036e+00
  -7.0885867e+00
  -7.1720397e+00
  -6.8266458e+00
  -6.0804479e+00
  -4.9711816e+00
  -3.5452592e+00
  -1.8565327e+00
   3.5131609e-02
   2.0654270e+00
   4.1672872e+00
   6.2726277e+00
   8.3141001e+00
   1.0226813e+01
   1.1949970e+01
   1.3428391e+01
   1.4613856e+01
   1.5466261e+01
   1.5954541e+01
   1.6057340e+01
   1.5763414e+01
   1.5071759e+01
   1.3991469e+01
   1.2541318e+01
   1.0749105e+01
   8.6507514e+00
   6.2892201e+00
   3.7132524e+00
   9.7598672e-01
  -1.8665109e+00
  -4.7567571e+00
  -7.6373602e+00
  -1.0452484e+01
  -1.3149223e+01
  -1.5678858e+01
  -1.7997953e+01
  -2.0069261e+01
  -2.1862434e+01
  -2.3354502e+01
  -2.4530126e+01
  -2.5381621e+01
  -2.5908751e+01
  -2.6118321e+01
  -2.6023570e+01
  -2.5643402e+01
  -2.5001485e+01
  -2.4125236e+01
  -2.3044755e+01
  -2.1791717e+01
  -2.0398284e+01
  -1.8896052e+01
  -1.7315086e+01
  -1.5683058e+01
  -1.4024527e+01
  -1.2360371e+01
  -1.0707396e+01
  -9.0781246e+00
  -7.4807660e+00
  -5.9193714e+00
  -4.3941541e+00
  -2.9019655e+00
  -1.4369023e+00
   8.9803529e-03
   1.4448790e+00
   2.8804077e+00
   4.3247521e+00
   5.7858471e+00
   7.2696084e+00
   8.7792500e+00
   1.0314715e+01
   1.1872240e+01
   1.3444082e+01
   1.5018399e+01
   1.6579317e+01
   1.8107166e+01
   1.9578888e+01
   2.0968595e+01
   2.2248277e+01
   2.3388615e+01
   2.4359896e+01
   2.5132976e+01
   2.5680278e+01
   2.5976773e+01
   2.6000929e+01
   2.5735573e+01
   2.5168654e+01
   2.4293864e+01
   2.3111109e+01
   2.1626788e+01
   1.9853895e+01
   1.7811913e+01
   1.5526516e+01
   1.3029074e+01
   1.0355981e+01
   7.5478231e+00
   4.6484043e+00
   1.7036715e+00
  -1.2394417e+00
  -4.1342086e+00
  -6.9353069e+00
  -9.5999821e+00
  -1.2089140e+01
  -1.4368333e+01
  -1.6408610e+01
  -1.8187203e+01
  -1.9688027e+01
  -2.0901975e+01
  -2.1827006e+01
  -2.2468012e+01
  -2.2836475e+01
  -2.2949927e+01
  -2.2831226e+01
  -2.2507662e+01
  -2.2009951e+01
  -2.1371108e+01
  -2.0625280e+01
  -1.9806538e+01
  -1.8947695e+01
  -1.8079177e+01
  -1.7227986e+01
  -1.6416793e+01
  -1.5663185e+01
  -1.4979099e+01
  -1.4370465e+01
  -1.3837054e+01
  -1.3372561e+01
  -1.2964909e+01
  -1.2596759e+01
  -1.2246232e+01
  -1.1887794e+01
  -1.1493305e+01
  -1.1033168e+01
  -1.0477569e+01
  -9.7977512e+00
  -8.9672798e+00
  -7.9632697e+00
  -6.7675202e+00
  -5.3675246e+00
  -3.7573177e+00
  -1.9381309e+00
   8.1171557e-02
   2.2838921e+00
   4.6455472e+00
   7.1341664e+00
   9.7108394e+00
   1.2330498e+01
   1.4942914e+01
   1.7493891e+01
   1.9926609e+01
   2.2183094e+01
   2.4205764e+01
   2.5939011e+01
   2.7330771e+01
   2.8334040e+01
   2.8908277e+01
   2.9020678e+01
   2.8647253e+01
   2.7773694e+01
   2.6395995e+01
   2.4520816e+01
   2.2165557e+01
   1.9358159e+01
   1.6136626e+01
   1.2548279e+01
   8.6487530e+00
   4.5007866e+00
   1.7280848e-01
  -4.2626219e+00
  -8.7304848e+00
  -1.3155035e+01
  -1.7461554e+01
  -2.1578073e+01
  -2.5437016e+01
  -2.8976725e+01
  -3.2142823e+01
  -3.4889377e+01
  -3.7179836e+01
  -3.8987717e+01
  -4.0297023e+01
  -4.1102387e+01
  -4.1408936e+01
  -4.1231888e+01
  -4.0595897e+01
  -3.9534157e+01
  -3.8087306e+01
  -3.6302162e+01
  -3.4230315e+01
  -3.1926637e+01
  -2.9447736e+01
  -2.6850410e+01
  -2.4190131e+01
  -2.1519623e+01
  -1.8887545e+01
  -1.6337335e+01
  -1.3906242e+01
  -1.1624553e+01
  -9.5150626e+00
  -7.5927610e+00
  -5.8647778e+00
  -4.3305533e+00
  -2.9822406e+00
  -1.8053174e+00
  -7.7938659e-01
   1.2086213e-01
   9.2456132e-01
   1.6634795e+00
   2.3707771e+00
   3.0797420e+00
   3.8225428e+00
   4.6290365e+00
   5.5256638e+00
   6.5344654e+00
   7.6722443e+00
   8.9498976e+00
   1.0371935e+01
   1.1936196e+01
   1.3633767e+01
   1.5449110e+01
   1.7360378e+01
   1.9339924e+01
   2.1354977e+01
   2.3368465e+01
   2.5339964e+01
   2.7226738e+01
   2.8984853e+01
   3.0570320e+01
   3.1940240e+01
   3.3053934e+01
   3.3874001e+01
   3.4367307e+01
   3.4505857e+01
   3.4267548e+01
   3.3636770e+01
   3.2604852e+01
   3.1170346e+01
   2.9339142e+01
   2.7124408e+01
   2.4546380e+01
   2.1631986e+01
   1.8414339e+01
   1.4932101e+01
   1.1228740e+01
   7.3517017e+00
   3.3515154e+00
  -7.1914015e-01
  -4.8063943e+00
  -8.8561401e+00
  -1.2814967e+01
  -1.6631057e+01
  -2.0255013e+01
  -2.3640629e+01
  -2.6745566e+01
  -2.9531930e+01
  -3.1966765e+01
  -3.4022421e+01
  -3.5676830e+01
  -3.6913672e+01
  -3.7722436e+01
  -3.8098387e+01
  -3.8042444e+01
  -3.7560973e+01
  -3.6665509e+01
  -3.5372415e+01
  -3.3702492e+01
  -3.1680536e+01
  -2.9334877e+01
  -2.6696888e+01
  -2.3800476e+01
  -2.0681577e+01
  -1.7377650e+01
  -1.3927171e+01
  -1.0369155e+01
  -6.7426874e+00
  -3.0864773e+00
   5.6155662e-01
   4.1646780e+00
   7.6876925e+00
   1.1097275e+01
   1.4362265e+01
   1.7453926e+01
   2.0346173e+01
   2.3015762e+01
   2.5442438e+01
   2.7609059e+01
   2.9501667e+01
   3.1109531e+01
   3.2425148e+01
   3.3444203e+01
   3.4165498e+01
   3.4590834e+01
   3.4724870e+01
   3.4574934e+01
   3.4150815e+01
   3.3464520e+01
   3.2530010e+01
   3.1362917e+01
   2.9980248e+01
   2.8400078e+01
   2.6641249e+01
   2.4723065e+01
   2.2665003e+01
   2.0486448e+01
   1.8206440e+01
   1.5843468e+01
   1.3415281e+01
   1.0938755e+01
   8.4297925e+00
   5.9032720e+00
   3.3730373e+00
   8.5193455e-01
  -1.6481112e+00
  -4.1159821e+00
  -6.5412223e+00
  -8.9138668e+00
  -1.1224254e+01
  -1.3462829e+01
  -1.5619947e+01
  -1.7685688e+01
  -1.9649691e+01
  -2.1501017e+01
  -2.3228047e+01
  -2.4818429e+01
  -2.6259077e+01
  -2.7536221e+01
  -2.8635521e+01
  -2.9542238e+01
  -3.0241469e+01
  -3.0718433e+01
  -3.0958806e+01
  -3.0949108e+01
  -3.0677117e+01
  -3.0132303e+01
  -2.9306283e+01
  -2.8193262e+01
  -2.6790463e+01
  -2.5098530e+01
  -2.3121870e+01
  -2.0868956e+01
  -1.8352545e+01
  -1.5589815e+01
  -1.2602418e+01
  -9.4164259e+00
  -6.0621798e+00
  -2.5740301e+00
   1.0100235e+00
   4.6487929e+00
   8.2984554e+00
   1.1913190e+01
   1.5445886e+01
   1.8848908e+01
   2.2074900e+01
   2.5077619e+01
   2.7812765e+01
   3.0238803e+01
   3.2317750e+01
   3.4015909e+01
   3.5304536e+01
   3.6160419e+01
   3.6566360e+01
   3.6511546e+01
   3.5991800e+01
   3.5009701e+01
   3.3574588e+01
   3.1702416e+01
   2.9415507e+01
   2.6742165e+01
   2.3716188e+01
   2.0376283e+01
   1.6765393e+01
   1.2929952e+01
   8.9190954e+00
   4.7838297e+00
   5.7618914e-01
  -3.6516057e+00
  -7.8479700e+00
  -1.1962739e+01
  -1.5947902e+01
  -1.9758270e+01
  -2.3352066e+01
  -2.6691435e+01
  -2.9742855e+01
  -3.2477458e+01
  -3.4871252e+01
  -3.6905247e+01
  -3.8565491e+01
  -3.9843018e+01
  -4.0733714e+01
  -4.1238121e+01
  -4.1361169e+01
  -4.1111871e+01
  -4.0502969e+01
  -3.9550562e+01
  -3.8273708e+01
  -3.6694029e+01
  -3.4835314e+01
  -3.2723131e+01
  -3.0384461e+01
  -2.7847351e+01
  -2.5140596e+01
  -2.2293440e+01
  -1.9335318e+01
  -1.6295614e+01
  -1.3203452e+01
  -1.0087501e+01
  -6.9758069e+00
  -3.8956339e+00
  -8.7331475e-01
   2.0658893e+00
   4.8979291e+00
   7.6001085e+00
   1.0151229e+01
   1.2531737e+01
   1.4723882e+01
   1.6711868e+01
   1.8482020e+01
   2.0022937e+01
   2.1325649e+01
   2.2383758e+01
   2.3193567e+01
   2.3754182e+01
   2.4067591e+01
   2.4138707e+01
   2.3975374e+01
   2.3588324e+01
   2.2991090e+01
   2.2199869e+01
   2.1233329e+01
   2.0112374e+01
   1.8859846e+01
   1.7500192e+01
   1.6059090e+01
   1.4563033e+01
   1.3038897e+01
   1.1513486e+01
   1.0013072e+01
   8.5629411e+00
   7.1869560e+00
   5.9071393e+00
   4.7432990e+00
   3.7126985e+00
   2.8297822e+00
   2.1059635e+00
   1.5494809e+00
   1.1653267e+00
   9.5524768e-01
   9.1782103e-01
   1.0485993e+00
   1.3403222e+00
   1.7831883e+00
   2.3651771e+00
   3.0724140e+00
   3.8895646e+00
   4.8002483e+00
   5.7874587e+00
   6.8339775e+00
   7.9227707e+00
   9.0373550e+00
   1.0162125e+01
   1.1282634e+01
   1.2385812e+01
   1.3460132e+01
   1.4495710e+01
   1.5484335e+01
   1.6419441e+01
   1.7296021e+01
   1.8110481e+01
   1.8860453e+01
   1.9544574e+01
   2.0162225e+01
   2.0713272e+01
   2.1197794e+01
   2.1615818e+01
   2.1967083e+01
   2.2250827e+01
   2.2465618e+01
   2.2609239e+01
   2.2678617e+01
   2.2669821e+01
   2.2578123e+01
   2.2398109e+01
   2.2123861e+01
   2.1749181e+01
   2.1267874e+01
   2.0674052e+01
   1.9962477e+01
   1.9128909e+01
   1.8170459e+01
   1.7085921e+01
   1.5876090e+01
   1.4544022e+01
   1.3095257e+01
   1.1537968e+01
   9.8830426e+00
   8.1440804e+00
   6.3373093e+00
   4.4814147e+00
   2.5972820e+00
   7.0765837e-01
  -1.1632613e+00
  -2.9903146e+00
  -4.7479073e+00
  -6.4105895e+00
  -7.9536590e+00
  -9.3537730e+00
  -1.0589554e+01
  -1.1642166e+01
  -1.2495857e+01
  -1.3138431e+01
  -1.3561653e+01
  -1.3761563e+01
  -1.3738696e+01
  -1.3498186e+01
  -1.3049762e+01
  -1.2407627e+01
  -1.1590222e+01
  -1.0619876e+01
  -9.5223524e+00
  -8.3263045e+00
  -7.0626416e+00
  -5.7638354e+00
  -4.4631735e+00
  -3.1939834e+00
  -1.9888451e+00
  -8.7881382e-01
   1.0732807e-01
   9.4377015e-01
   1.6083054e+00
   2.0828779e+00
   2.3540318e+00
   2.4132505e+00
   2.2571765e+00
   1.8877066e+00
   1.3119589e+00
   5.4211434e-01
  -4.0486519e-01
  -1.5076330e+00
  -2.7409593e+00
  -4.0763241e+00
  -5.4825867e+00
  -6.9267158e+00
  -8.3745585e+00
  -9.7916331e+00
  -1.1143922e+01
  -1.2398650e+01
  -1.3525018e+01
  -1.4494899e+01
  -1.5283442e+01
  -1.5869613e+01
  -1.6236626e+01
  -1.6372274e+01
  -1.6269155e+01
  -1.5924773e+01
  -1.5341535e+01
  -1.4526628e+01
  -1.3491797e+01
  -1.2253020e+01
  -1.0830095e+01
  -9.2461520e+00
  -7.5270996e+00
  -5.7010276e+00
  -3.7975725e+00
  -1.8472689e+00
   1.1910129e-01
   2.0711453e+00
   3.9794677e+00
   5.8162367e+00
   7.5556979e+00
   9.1746240e+00
   1.0652695e+01
   1.1972798e+01
   1.3121253e+01
   1.4087948e+01
   1.4866393e+01
   1.5453706e+01
   1.5850502e+01
   1.6060731e+01
   1.6091443e+01
   1.5952499e+01
   1.5656237e+01
   1.5217103e+01
   1.4651252e+01
   1.3976138e+01
   1.3210090e+01
   1.2371899e+01
   1.1480407e+01
   1.0554128e+01
   9.6108824e+00
   8.6674733e+00
   7.7393969e+00
   6.8405944e+00
   5.9832485e+00
   5.1776251e+00
   4.4319617e+00
   3.7524011e+00
   3.1429696e+00
   2.6055979e+00
   2.1401804e+00
   1.7446722e+00
   1.4152170e+00
   1.1463044e+00
   9.3095062e-01
   7.6089908e-01
   6.2683630e-01
   5.1861837e-01
   4.2550417e-01
   3.3639099e-01
   2.4004876e-01
   1.2534932e-01
  -1.8512949e-02
  -2.0181183e-01
  -4.3409451e-01
  -7.2400371e-01
  -1.0791189e+00
  -1.5058190e+00
  -2.0091669e+00
  -2.5928195e+00
  -3.2589616e+00
  -4.0082662e+00
  -4.8398808e+00
  -5.7514397e+00
  -6.7391024e+00
  -7.7976164e+00
  -8.9204041e+00
  -1.0099672e+01
  -1.1326541e+01
  -1.2591193e+01
  -1.3883032e+01
  -1.5190866e+01
  -1.6503082e+01
  -1.7807845e+01
  -1.9093284e+01
  -2.0347687e+01
  -2.1559679e+01
  -2.2718406e+01
  -2.3813691e+01
  -2.4836184e+01
  -2.5777487e+01
  -2.6630262e+01
  -2.7388311e+01
  -2.8046632e+01
  -2.8601452e+01
  -2.9050228e+01
  -2.9391626e+01
  -2.9625474e+01
  -2.9752694e+01
  -2.9775203e+01
  -2.9695813e+01
  -2.9518101e+01
  -2.9246278e+01
  -2.8885044e+01
  -2.8439447e+01
  -2.7914737e+01
  -2.7316235e+01
  -2.6649200e+01
  -2.5918719e+01
  -2.5129612e+01
  -2.4286350e+01
  -2.3393004e+01
  -2.2453210e+01
  -2.1470160e+01
  -2.0446615e+01
  -1.9384946e+01
  -1.8287184e+01
  -1.7155106e+01
  -1.5990321e+01
  -1.4794380e+01
  -1.3568887e+01
  -1.2315622e+01
  -1.1036662e+01
  -9.7344950e+00
  -8.4121328e+00
  -7.0732091e+00
  -5.7220619e+00
  -4.3637997e+00
  -3.0043449e+00
  -1.6504553e+00
  -3.0972049e-01
   1.0094666e+00
   2.2979642e+00
   3.5459602e+00
   4.7430753e+00
   5.8784875e+00
   6.9410760e+00
   7.9195826e+00
   8.8027862e+00
   9.5796877e+00
   1.0239702e+01
   1.0772854e+01
   1.1169969e+01
   1.1422870e+01
   1.1524553e+01
   1.1469365e+01
   1.1253159e+01
   1.0873438e+01
   1.0329482e+01
   9.6224451e+00
   8.7554441e+00
   7.7336138e+00
   6.5641418e+00
   5.2562781e+00
   3.8213181e+00
   2.2725601e+00
   6.2523625e-01
  -1.1035831e+00
  -2.8951110e+00
  -4.7289926e+00
  -6.5834788e+00
  -8.4356264e+00
  -1.0261522e+01
  -1.2036533e+01
  -1.3735574e+01
  -1.5333407e+01
  -1.6804946e+01
  -1.8125591e+01
  -1.9271571e+01
  -2.0220295e+01
  -2.0950716e+01
  -2.1443690e+01
  -2.1682335e+01
  -2.1652384e+01
  -2.1342512e+01
  -2.0744650e+01
  -1.9854267e+01
  -1.8670609e+01
  -1.7196904e+01
  -1.5440502e+01
  -1.3412973e+01
  -1.1130124e+01
  -8.6119626e+00
  -5.8825711e+00
  -2.9699179e+00
   9.4417030e-02
   3.2755911e+00
   6.5359239e+00
   9.8353937e+00
   1.3132199e+01
   1.6383379e+01
   1.9545479e+01
   2.2575257e+01
   2.5430412e+01
   2.8070319e+01
   3.0456766e+01
   3.2554662e+01
   3.4332714e+01
   3.5764044e+01
   3.6826744e+01
   3.7504343e+01
   3.7786181e+01
   3.7667674e+01
   3.7150461e+01
   3.6242431e+01
   3.4957622e+01
   3.3315990e+01
   3.1343062e+01
   2.9069456e+01
   2.6530301e+01
   2.3764556e+01
   2.0814241e+01
   1.7723601e+01
   1.4538229e+01
   1.1304148e+01
   8.0669010e+00
   4.8706430e+00
   1.7572832e+00
  -1.2343209e+00
  -4.0690872e+00
  -6.7163348e+00
  -9.1502966e+00
  -1.1350505e+01
  -1.3302042e+01
  -1.4995644e+01
  -1.6427670e+01
  -1.7599918e+01
  -1.8519308e+01
  -1.9197444e+01
  -1.9650053e+01
  -1.9896334e+01
  -1.9958225e+01
  -1.9859614e+01
  -1.9625525e+01
  -1.9281281e+01
  -1.8851702e+01
  -1.8360323e+01
  -1.7828695e+01
  -1.7275758e+01
  -1.6717321e+01
  -1.6165664e+01
  -1.5629266e+01
  -1.5112676e+01
  -1.4616526e+01
  -1.4137683e+01
  -1.3669538e+01
  -1.3202430e+01
  -1.2724171e+01
  -1.2220677e+01
  -1.1676669e+01
  -1.1076434e+01
  -1.0404603e+01
  -9.6469410e+00
  -8.7911091e+00
  -7.8273724e+00
  -6.7492379e+00
  -5.5539919e+00
  -4.2431205e+00
  -2.8225969e+00
  -1.3030214e+00
   3.0039119e-01
   1.9679826e+00
   3.6759769e+00
   5.3969551e+00
   7.1004675e+00
   8.7537679e+00
   1.0322649e+01
   1.1772359e+01
   1.3068564e+01
   1.4178346e+01
   1.5071182e+01
   1.5719903e+01
   1.6101580e+01
   1.6198318e+01
   1.5997943e+01
   1.5494539e+01
   1.4688835e+01
   1.3588420e+01
   1.2207774e+01
   1.0568118e+01
   8.6970776e+00
   6.6281752e+00
   4.4001486e+00
   2.0561277e+00
  -3.5731938e-01
  -2.7912434e+00
  -5.1954462e+00
  -7.5196581e+00
  -9.7147299e+00
  -1.1733806e+01
  -1.3533449e+01
  -1.5074683e+01
  -1.6323931e+01
  -1.7253816e+01
  -1.7843814e+01
  -1.8080730e+01
  -1.7958991e+01
  -1.7480757e+01
  -1.6655827e+01
  -1.5501371e+01
  -1.4041471e+01
  -1.2306500e+01
  -1.0332362e+01
  -8.1595915e+00
  -5.8323636e+00
  -3.3974300e+00
  -9.0300818e-01
   1.6023395e+00
   4.0708120e+00
   6.4564295e+00
   8.7160221e+00
   1.0810122e+01
   1.2703737e+01
   1.4366991e+01
   1.5775617e+01
   1.6911292e+01
   1.7761814e+01
   1.8321123e+01
   1.8589158e+01
   1.8571586e+01
   1.8279390e+01
   1.7728345e+01
   1.6938407e+01
   1.5933023e+01
   1.4738393e+01
   1.3382714e+01
   1.1895412e+01
   1.0306396e+01
   8.6453599e+00
   6.9411308e+00
   5.2211018e+00
   3.5107455e+00
   1.8332248e+00
   2.0910397e-01
  -1.3438386e+00
  -2.8106969e+00
  -4.1794300e+00
  -5.4407681e+00
  -6.5880430e+00
  -7.6169578e+00
  -8.5253086e+00
  -9.3126743e+00
  -9.9800921e+00
  -1.0529732e+01
  -1.0964585e+01
  -1.1288185e+01
  -1.1504360e+01
  -1.1617042e+01
  -1.1630127e+01
  -1.1547388e+01
  -1.1372460e+01
  -1.1108864e+01
  -1.0760100e+01
  -1.0329766e+01
  -9.8217252e+00
  -9.2402858e+00
  -8.5903956e+00
  -7.8778299e+00
  -7.1093638e+00
  -6.2929133e+00
  -5.4376354e+00
  -4.5539751e+00
  -3.6536529e+00
  -2.7495862e+00
  -1.8557410e+00
  -9.8691634e-01
  -1.5846141e-01
   6.1406570e-01
   1.3152905e+00
   1.9304534e+00
   2.4458662e+00
   2.8493777e+00
   3.1308332e+00
   3.2825077e+00
   3.2994977e+00
   3.1800537e+00
   2.9258375e+00
   2.5420915e+00
   2.0377082e+00
   1.4251909e+00
   7.2050284e-01
  -5.7199304e-02
  -8.8594288e-01
  -1.7414225e+00
  -2.5975784e+00
  -3.4272567e+00
  -4.2029341e+00
  -4.8974880e+00
  -5.4849901e+00
  -5.9414990e+00
  -6.2458303e+00
  -6.3802764e+00
  -6.3312558e+00
  -6.0898672e+00
  -5.6523307e+00
  -5.0202970e+00
  -4.2010133e+00
  -3.2073344e+00
  -2.0575756e+00
  -7.7520569e-01
   6.1161476e-01
   2.0706415e+00
   3.5662870e+00
   5.0604759e+00
   6.5135932e+00
   7.8855019e+00
   9.1366013e+00
   1.0228898e+01
   1.1127062e+01
   1.1799429e+01
   1.2218938e+01
   1.2363958e+01
   1.2218986e+01
   1.1775207e+01
   1.1030874e+01
   9.9915206e+00
   8.6699828e+00
   7.0862299e+00
   5.2670113e+00
   3.2453235e+00
   1.0597107e+00
  -1.2465833e+00
  -3.6265897e+00
  -6.0306917e+00
  -8.4077747e+00
  -1.0706420e+01
  -1.2876111e+01
  -1.4868420e+01
  -1.6638142e+01
  -1.8144353e+01
  -1.9351357e+01
  -2.0229502e+01
  -2.0755846e+01
  -2.0914652e+01
  -2.0697708e+01
  -2.0104454e+01
  -1.9141930e+01
  -1.7824535e+01
  -1.6173612e+01
  -1.4216875e+01
  -1.1987690e+01
  -9.5242337e+00
  -6.8685543e+00
  -4.0655609e+00
  -1.1619683e+00
   1.7947735e+00
   4.7575379e+00
   7.6805403e+00
   1.0520292e+01
   1.3236466e+01
   1.5792655e+01
   1.8157009e+01
   2.0302733e+01
   2.2208438e+01
   2.3858357e+01
   2.5242399e+01
   2.6356072e+01
   2.7200266e+01
   2.7780918e+01
   2.8108572e+01
   2.8197847e+01
   2.8066839e+01
   2.7736479e+01
   2.7229854e+01
   2.6571530e+01
   2.5786890e+01
   2.4901503e+01
   2.3940540e+01
   2.2928256e+01
   2.1887552e+01
   2.0839617e+01
   1.9803653e+01
   1.8796702e+01
   1.7833555e+01
   1.6926747e+01
   1.6086627e+01
   1.5321503e+01
   1.4637834e+01
   1.4040469e+01
   1.3532916e+01
   1.3117620e+01
   1.2796250e+01
   1.2569957e+01
   1.2439621e+01
   1.2406045e+01
   1.2470117e+01
   1.2632905e+01
   1.2895699e+01
   1.3259995e+01
   1.3727416e+01
   1.4299580e+01
   1.4977913e+01
   1.5763431e+01
   1.6656474e+01
   1.7656433e+01
   1.8761463e+01
   1.9968200e+01
   2.1271496e+01
   2.2664188e+01
   2.4136900e+01
   2.5677911e+01
   2.7273073e+01
   2.8905803e+01
   3.0557150e+01
   3.2205934e+01
   3.3828967e+01
   3.5401340e+01
   3.6896784e+01
   3.8288089e+01
   3.9547578e+01
   4.0647617e+01
   4.1561156e+01
   4.2262285e+01
   4.2726783e+01
   4.2932659e+01
   4.2860665e+01
   4.2494757e+01
   4.1822510e+01
   4.0835463e+01
   3.9529386e+01
   3.7904466e+01
   3.5965407e+01
   3.3721433e+01
   3.1186206e+01
   2.8377650e+01
   2.5317694e+01
   2.2031932e+01
   1.8549215e+01
   1.4901186e+01
   1.1121762e+01
   7.2465821e+00
   3.3124307e+00
  -6.4334631e-01
  -4.5834247e+00
  -8.4710674e+00
  -1.2270663e+01
  -1.5948224e+01
  -1.9471839e+01
  -2.2812068e+01
  -2.5942273e+01
  -2.8838887e+01
  -3.1481609e+01
  -3.3853531e+01
  -3.5941202e+01
  -3.7734614e+01
  -3.9227140e+01
  -4.0415410e+01
  -4.1299137e+01
  -4.1880902e+01
  -4.2165914e+01
  -4.2161734e+01
  -4.1877989e+01
  -4.1326076e+01
  -4.0518873e+01
  -3.9470446e+01
  -3.8195779e+01
  -3.6710523e+01
  -3.5030767e+01
  -3.3172835e+01
  -3.1153120e+01
  -2.8987946e+01
  -2.6693462e+01
  -2.4285565e+01
  -2.1779863e+01
  -1.9191650e+01
  -1.6535921e+01
  -1.3827395e+01
  -1.1080569e+01
  -8.3097659e+00
  -5.5292117e+00
  -2.7531010e+00
   4.3291839e-03
   2.7287331e+00
   5.4055962e+00
   8.0201867e+00
   1.0557522e+01
   1.3002348e+01
   1.5339146e+01
   1.7552146e+01
   1.9625378e+01
   2.1542729e+01
   2.3288036e+01
   2.4845194e+01
   2.6198285e+01
   2.7331736e+01
   2.8230485e+01
   2.8880175e+01
   2.9267355e+01
   2.9379705e+01
   2.9206257e+01
   2.8737639e+01
   2.7966313e+01
   2.6886811e+01
   2.5495979e+01
   2.3793196e+01
   2.1780596e+01
   1.9463256e+01
   1.6849373e+01
   1.3950403e+01
   1.0781171e+01
   7.3599416e+00
   3.7084411e+00
  -1.4816435e-01
  -4.1813448e+00
  -8.3593387e+00
  -1.2647343e+01
  -1.7007764e+01
  -2.1400524e+01
  -2.5783433e+01
  -3.0112616e+01
  -3.4342988e+01
  -3.8428787e+01
  -4.2324139e+01
  -4.5983670e+01
  -4.9363129e+01
  -5.2420039e+01
  -5.5114344e+01
  -5.7409054e+01
  -5.9270868e+01
  -6.0670759e+01
  -6.1584526e+01
  -6.1993274e+01
  -6.1883836e+01
  -6.1249108e+01
  -6.0088296e+01
  -5.8407069e+01
  -5.6217601e+01
  -5.3538513e+01
  -5.0394703e+01
  -4.6817065e+01
  -4.2842107e+01
  -3.8511461e+01
  -3.3871315e+01
  -2.8971745e+01
  -2.3865994e+01
  -1.8609679e+01
  -1.3259972e+01
  -7.8747476e+00
  -2.5117242e+00
   2.7723782e+00
   7.9226585e+00
   1.2886807e+01
   1.7615817e+01
   2.2064624e+01
   2.6192656e+01
   2.9964285e+01
   3.3349172e+01
   3.6322510e+01
   3.8865141e+01
   4.0963571e+01
   4.2609872e+01
   4.3801480e+01
   4.4540904e+01
   4.4835343e+01
   4.4696249e+01
   4.4138815e+01
   4.3181442e+01
   4.1845173e+01
   4.0153124e+01
   3.8129928e+01
   3.5801206e+01
   3.3193073e+01
   3.0331708e+01
   2.7242983e+01
   2.3952163e+01
   2.0483693e+01
   1.6861060e+01
   1.3106740e+01
   9.2422217e+00
   5.2881085e+00
   1.2642782e+00
  -2.8098966e+00
  -6.9152895e+00
  -1.1032733e+01
  -1.5142719e+01
  -1.9225102e+01
  -2.3258825e+01
  -2.7221675e+01
  -3.1090095e+01
  -3.4839052e+01
  -3.8441982e+01
  -4.1870821e+01
  -4.5096113e+01
  -4.8087227e+01
  -5.0812645e+01
  -5.3240360e+01
  -5.5338336e+01
  -5.7075055e+01
  -5.8420121e+01
  -5.9344903e+01
  -5.9823220e+01
  -5.9832027e+01
  -5.9352095e+01
  -5.8368668e+01
  -5.6872066e+01
  -5.4858223e+01
  -5.2329142e+01
  -4.9293243e+01
  -4.5765602e+01
  -4.1768060e+01
  -3.7329198e+01
  -3.2484170e+01
  -2.7274404e+01
  -2.1747154e+01
  -1.5954927e+01
  -9.9547868e+00
  -3.8075502e+00
   2.4231134e+00
   8.6716521e+00
   1.4871658e+01
   2.0956920e+01
   2.6862493e+01
   3.2525737e+01
   3.7887330e+01
   4.2892210e+01
   4.7490437e+01
   5.1637948e+01
   5.5297200e+01
   5.8437674e+01
   6.1036240e+01
   6.3077371e+01
   6.4553203e+01
   6.5463453e+01
   6.5815176e+01
   6.5622401e+01
   6.4905625e+01
   6.3691208e+01
   6.2010670e+01
   5.9899910e+01
   5.7398375e+01
   5.4548195e+01
   5.1393311e+01
   4.7978612e+01
   4.4349104e+01
   4.0549130e+01
   3.6621669e+01
   3.2607704e+01
   2.8545698e+01
   2.4471172e+01
   2.0416395e+01
   1.6410185e+01
   1.2477828e+01
   8.6410996e+00
   4.9183938e+00
   1.3249369e+00
  -2.1269169e+00
  -5.4273278e+00
  -8.5685652e+00
  -1.1544573e+01
  -1.4350522e+01
  -1.6982371e+01
  -1.9436445e+01
  -2.1709058e+01
  -2.3796187e+01
  -2.5693206e+01
  -2.7394705e+01
  -2.8894385e+01
  -3.0185036e+01
  -3.1258610e+01
  -3.2106377e+01
  -3.2719158e+01
  -3.3087635e+01
  -3.3202724e+01
  -3.3055996e+01
  -3.2640132e+01
  -3.1949404e+01
  -3.0980150e+01
  -2.9731248e+01
  -2.8204542e+01
  -2.6405233e+01
  -2.4342201e+01
  -2.2028253e+01
  -1.9480276e+01
  -1.6719296e+01
  -1.3770434e+01
  -1.0662745e+01
  -7.4289555e+00
  -4.1050853e+00
  -7.2997473e-01
   2.6552876e+00
   6.0080175e+00
   9.2846574e+00
   1.2441552e+01
   1.5435760e+01
   1.8225882e+01
   2.0772886e+01
   2.3040913e+01
   2.4998033e+01
   2.6616953e+01
   2.7875629e+01
   2.8757802e+01
   2.9253408e+01
   2.9358880e+01
   2.9077317e+01
   2.8418517e+01
   2.7398880e+01
   2.6041165e+01
   2.4374125e+01
   2.2432008e+01
   2.0253951e+01
   1.7883268e+01
   1.5366646e+01
   1.2753281e+01
   1.0093948e+01
   7.4400529e+00
   4.8426609e+00
   2.3515382e+00
   1.4221134e-02
  -2.1248681e+00
  -4.0252395e+00
  -5.6510720e+00
  -6.9718539e+00
  -7.9629143e+00
  -8.6058376e+00
  -8.8887529e+00
  -8.8064940e+00
  -8.3606306e+00
  -7.5593703e+00
  -6.4173370e+00
  -4.9552326e+00
  -3.1993902e+00
  -1.1812314e+00
   1.0633599e+00
   3.4947330e+00
   6.0702196e+00
   8.7449201e+00
   1.1472512e+01
   1.4206062e+01
   1.6898832e+01
   1.9505050e+01
   2.1980657e+01
   2.4283987e+01
   2.6376395e+01
   2.8222812e+01
   2.9792221e+01
   3.1058051e+01
   3.1998483e+01
   3.2596669e+01
   3.2840870e+01
   3.2724500e+01
   3.2246095e+01
   3.1409207e+01
   3.0222224e+01
   2.8698132e+01
   2.6854219e+01
   2.4711734e+01
   2.2295509e+01
   1.9633544e+01
   1.6756579e+01
   1.3697643e+01
   1.0491599e+01
   7.1746891e+00
   3.7840747e+00
   3.5739655e-01
  -3.0676599e+00
  -6.4537814e+00
  -9.7644253e+00
  -1.2964197e+01
  -1.6019208e+01
  -1.8897407e+01
  -2.1568892e+01
  -2.4006196e+01
  -2.6184545e+01
  -2.8082101e+01
  -2.9680165e+01
  -3.0963366e+01
  -3.1919814e+01
  -3.2541228e+01
  -3.2823031e+01
  -3.2764413e+01
  -3.2368362e+01
  -3.1641650e+01
  -3.0594789e+01
  -2.9241941e+01
  -2.7600787e+01
  -2.5692348e+01
  -2.3540771e+01
  -2.1173054e+01
  -1.8618745e+01
  -1.5909585e+01
  -1.3079117e+01
  -1.0162257e+01
  -7.1948366e+00
  -4.2131161e+00
  -1.2532817e+00
   1.6490694e+00
   4.4594460e+00
   7.1449730e+00
   9.6748859e+00
   1.2020998e+01
   1.4158136e+01
   1.6064521e+01
   1.7722108e+01
   1.9116857e+01
   2.0238931e+01
   2.1082828e+01
   2.1647430e+01
   2.1935971e+01
   2.1955923e+01
   2.1718800e+01
   2.1239892e+01
   2.0537912e+01
   1.9634593e+01
   1.8554218e+01
   1.7323103e+01
   1.5969050e+01
   1.4520769e+01
   1.3007294e+01
   1.1457398e+01
   9.8990295e+00
   8.3587690e+00
   6.8613348e+00
   5.4291364e+00
   4.0818923e+00
   2.8363174e+00
   1.7058884e+00
   7.0068965e-01
  -1.7265590e-01
  -9.1097278e-01
  -1.5144371e+00
  -1.9864030e+00
  -2.3331590e+00
  -2.5636203e+00
  -2.6889694e+00
  -2.7222542e+00
  -2.6779565e+00
  -2.5715439e+00
  -2.4190169e+00
  -2.2364659e+00
  -2.0396475e+00
  -1.8435946e+00
  -1.6622682e+00
  -1.5082598e+00
  -1.3925518e+00
  -1.3243405e+00
  -1.3109234e+00
  -1.3576532e+00
  -1.4679546e+00
  -1.6434023e+00
  -1.8838534e+00
  -2.1876270e+00
  -2.5517231e+00
  -2.9720700e+00
  -3.4437898e+00
  -3.9614724e+00
  -4.5194448e+00
  -5.1120270e+00
  -5.7337639e+00
  -6.3796248e+00
  -7.0451633e+00
  -7.7266317e+00
  -8.4210465e+00
  -9.1262038e+00
  -9.8406437e+00
  -1.0563568e+01
  -1.1294713e+01
  -1.2034186e+01
  -1.2782276e+01
  -1.3539236e+01
  -1.4305061e+01
  -1.5079269e+01
  -1.5860685e+01
  -1.6647252e+01
  -1.7435874e+01
  -1.8222299e+01
  -1.9001048e+01
  -1.9765397e+01
  -2.0507422e+01
  -2.1218099e+01
  -2.1887461e+01
  -2.2504816e+01
  -2.3059009e+01
  -2.3538729e+01
  -2.3932857e+01
  -2.4230819e+01
  -2.4422970e+01
  -2.4500959e+01
  -2.4458086e+01
  -2.4289625e+01
  -2.3993107e+01
  -2.3568542e+01
  -2.3018584e+01
  -2.2348610e+01
  -2.1566728e+01
  -2.0683695e+01
  -1.9712747e+01
  -1.8669352e+01
  -1.7570869e+01
  -1.6436154e+01
  -1.5285082e+01
  -1.4138041e+01
  -1.3015372e+01
  -1.1936807e+01
  -1.0920890e+01
  -9.9844331e+00
  -9.1419930e+00
  -8.4054096e+00
  -7.7834113e+00
  -7.2813063e+00
  -6.9007696e+00
  -6.6397383e+00
  -6.4924193e+00
  -6.4494145e+00
  -6.4979611e+00
  -6.6222853e+00
  -6.8040585e+00
  -7.0229473e+00
  -7.2572410e+00
  -7.4845401e+00
  -7.6824842e+00
  -7.8295002e+00
  -7.9055456e+00
  -7.8928245e+00
  -7.7764534e+00
  -7.5450543e+00
  -7.1912547e+00
  -6.7120769e+00
  -6.1092013e+00
  -5.3890918e+00
  -4.5629766e+00
  -3.6466808e+00
  -2.6603118e+00
  -1.6278034e+00
  -5.7632901e-01
   4.6440217e-01
   1.4629473e+00
   2.3870090e+00
   3.2043674e+00
   3.8838381e+00
   4.3962292e+00
   4.7152686e+00
   4.8184742e+00
   4.6879407e+00
   4.3110172e+00
   3.6808566e+00
   2.7968153e+00
   1.6646918e+00
   2.9679311e-01
  -1.2881747e+00
  -3.0653923e+00
  -5.0043831e+00
  -7.0696290e+00
  -9.2213305e+00
  -1.1416292e+01
  -1.3608907e+01
  -1.5752224e+01
  -1.7799048e+01
  -1.9703070e+01
  -2.1419974e+01
  -2.2908500e+01
  -2.4131436e+01
  -2.5056502e+01
  -2.5657113e+01
  -2.5912994e+01
  -2.5810634e+01
  -2.5343558e+01
  -2.4512430e+01
  -2.3324960e+01
  -2.1795648e+01
  -1.9945342e+01
  -1.7800659e+01
  -1.5393251e+01
  -1.2758976e+01
  -9.9369603e+00
  -6.9686184e+00
  -3.8966267e+00
  -7.6390196e-01
   2.3873940e+00
   5.5167956e+00
   8.5863923e+00
   1.1561584e+01
   1.4411710e+01
   1.7110545e+01
   1.9636635e+01
   2.1973487e+01
   2.4109598e+01
   2.6038327e+01
   2.7757635e+01
   2.9269682e+01
   3.0580319e+01
   3.1698486e+01
   3.2635543e+01
   3.3404551e+01
   3.4019548e+01
   3.4494821e+01
   3.4844223e+01
   3.5080543e+01
   3.5214959e+01
   3.5256588e+01
   3.5212154e+01
   3.5085773e+01
   3.4878879e+01
   3.4590270e+01
   3.4216292e+01
   3.3751139e+01
   3.3187266e+01
   3.2515890e+01
   3.1727567e+01
   3.0812821e+01
   2.9762799e+01
   2.8569931e+01
   2.7228568e+01
   2.5735567e+01
   2.4090817e+01
   2.2297664e+01
   2.0363234e+01
   1.8298630e+01
   1.6118999e+01
   1.3843454e+01
   1.1494865e+01
   9.0995042e+00
   6.6865707e+00
   4.2875938e+00
   1.9357393e+00
  -3.3496447e-01
  -2.4904569e+00
  -4.4975081e+00
  -6.3245873e+00
  -7.9427107e+00
  -9.3262422e+00
  -1.0453622e+01
  -1.1308003e+01
  -1.1877763e+01
  -1.2156899e+01
  -1.2145264e+01
  -1.1848653e+01
  -1.1278738e+01
  -1.0452837e+01
  -9.3935332e+00
  -8.1281597e+00
  -6.6881469e+00
  -5.1082662e+00
  -3.4257836e+00
  -1.6795488e+00
   9.0955437e-02
   1.8465759e+00
   3.5494376e+00
   5.1638527e+00
   6.6571633e+00
   8.0004973e+00
   9.1694161e+00
   1.0144438e+01
   1.0911425e+01
   1.1461823e+01
   1.1792750e+01
   1.1906942e+01
   1.1812543e+01
   1.1522761e+01
   1.1055406e+01
   1.0432310e+01
   9.6786554e+00
   8.8222443e+00
   7.8927052e+00
   6.9206834e+00
   5.9370254e+00
   4.9719848e+00
   4.0544672e+00
   3.2113376e+00
   2.4668029e+00
   1.8418873e+00
   1.3540086e+00
   1.0166643e+00
   8.3923178e-01
   8.2688171e-01
   9.8060321e-01
   1.2973340e+00
   1.7701868e+00
   2.3887609e+00
   3.1395258e+00
   4.0062616e+00
   4.9705417e+00
   6.0122409e+00
   7.1100537e+00
   8.2420077e+00
   9.3859584e+00
   1.0520052e+01
   1.1623150e+01
   1.2675197e+01
   1.3657543e+01
   1.4553195e+01
   1.5347019e+01
   1.6025871e+01
   1.6578681e+01
   1.6996481e+01
   1.7272382e+01
   1.7401520e+01
   1.7380967e+01
   1.7209619e+01
   1.6888070e+01
   1.6418483e+01
   1.5804450e+01
   1.5050872e+01
   1.4163845e+01
   1.3150549e+01
   1.2019174e+01
   1.0778842e+01
   9.4395575e+00
   8.0121613e+00
   6.5083005e+00
   4.9403977e+00
   3.3216217e+00
   1.6658509e+00
  -1.2373635e-02
  -1.6979130e+00
  -3.3751148e+00
  -5.0279230e+00
  -6.6400130e+00
  -8.1949550e+00
  -9.6764030e+00
  -1.1068309e+01
  -1.2355158e+01
  -1.3522218e+01
  -1.4555798e+01
  -1.5443511e+01
  -1.6174528e+01
  -1.6739817e+01
  -1.7132359e+01
  -1.7347330e+01
  -1.7382244e+01
  -1.7237050e+01
  -1.6914169e+01
  -1.6418486e+01
  -1.5757272e+01
  -1.4940051e+01
  -1.3978413e+01
  -1.2885768e+01
  -1.1677057e+01
  -1.0368419e+01
  -8.9768389e+00
  -7.5197606e+00
  -6.0147083e+00
  -4.4789048e+00
  -2.9289107e+00
  -1.3802937e+00
   1.5266062e-01
   1.6571859e+00
   3.1222118e+00
   4.5384746e+00
   5.8985561e+00
   7.1968511e+00
   8.4294628e+00
   9.5940315e+00
   1.0689502e+01
   1.1715838e+01
   1.2673699e+01
   1.3564081e+01
   1.4387954e+01
   1.5145892e+01
   1.5837725e+01
   1.6462217e+01
   1.7016801e+01
   1.7497359e+01
   1.7898090e+01
   1.8211444e+01
   1.8428151e+01
   1.8537332e+01
   1.8526711e+01
   1.8382902e+01
   1.8091780e+01
   1.7638924e+01
   1.7010116e+01
   1.6191877e+01
   1.5172035e+01
   1.3940296e+01
   1.2488797e+01
   1.0812633e+01
   8.9103218e+00
   6.7842086e+00
   4.4407709e+00
   1.8908295e+00
  -8.5035623e-01
  -3.7631131e+00
  -6.8235030e+00
  -1.0003596e+01
  -1.3271865e+01
  -1.6593689e+01
  -1.9931956e+01
  -2.3247759e+01
  -2.6501145e+01
  -2.9651918e+01
  -3.2660465e+01
  -3.5488577e+01
  -3.8100246e+01
  -4.0462422e+01
  -4.2545686e+01
  -4.4324851e+01
  -4.5779443e+01
  -4.6894068e+01
  -4.7658651e+01
  -4.8068538e+01
  -4.8124462e+01
  -4.7832376e+01
  -4.7203166e+01
  -4.6252249e+01
  -4.4999068e+01
  -4.3466523e+01
  -4.1680334e+01
  -3.9668373e+01
  -3.7459993e+01
  -3.5085362e+01
  -3.2574842e+01
  -2.9958424e+01
  -2.7265242e+01
  -2.4523175e+01
  -2.1758563e+01
  -1.8996021e+01
  -1.6258379e+01
  -1.3566726e+01
  -1.0940558e+01
  -8.3980163e+00
  -5.9562020e+00
  -3.6315438e+00
  -1.4401964e+00
   6.0155504e-01
   2.4769108e+00
   4.1682195e+00
   5.6567144e+00
   6.9223443e+00
   7.9437218e+00
   8.6982045e+00
   9.1621199e+00
   9.3111407e+00
   9.1208115e+00
   8.5672176e+00
   7.6277872e+00
   6.2822039e+00
   4.5134075e+00
   2.3086515e+00
  -3.3941731e-01
  -3.4316952e+00
  -6.9616143e+00
  -1.0914233e+01
  -1.5265468e+01
  -1.9981499e+01
  -2.5018395e+01
  -3.0321982e+01
  -3.5827986e+01
  -4.1462457e+01
  -4.7142509e+01
  -5.2777346e+01
  -5.8269591e+01
  -6.3516894e+01
  -6.8413783e+01
  -7.2853742e+01
  -7.6731450e+01
  -7.9945151e+01
  -8.2399081e+01
  -8.4005904e+01
  -8.4689082e+01
  -8.4385120e+01
  -8.3045620e+01
  -8.0639075e+01
  -7.7152360e+01
  -7.2591849e+01
  -6.6984136e+01
  -6.0376300e+01
  -5.2835726e+01
  -4.4449432e+01
  -3.5322932e+01
  -2.5578637e+01
  -1.5353823e+01
  -4.7981978e+00
   5.9288726e+00
   1.6661423e+01
   2.7230167e+01
   3.7465917e+01
   4.7203056e+01
   5.6282998e+01
   6.4557526e+01
   7.1891945e+01
   7.8167965e+01
   8.3286233e+01
   8.7168464e+01
   8.9759098e+01
   9.1026461e+01
   9.0963379e+01
   8.9587244e+01
   8.6939517e+01
   8.3084693e+01
   7.8108746e+01
   7.2117093e+01
   6.5232134e+01
   5.7590432e+01
   4.9339596e+01
   4.0634962e+01
   3.1636138e+01
   2.2503519e+01
   1.3394849e+01
   4.4619148e+00
  -4.1525376e+00
  -1.2317603e+01
  -1.9916654e+01
  -2.6849371e+01
  -3.3033315e+01
  -3.8405012e+01
  -4.2920539e+01
  -4.6555602e+01
  -4.9305125e+01
  -5.1182359e+01
  -5.2217570e+01
  -5.2456338e+01
  -5.1957526e+01
  -5.0791000e+01
  -4.9035152e+01
  -4.6774311e+01
  -4.4096125e+01
  -4.1088975e+01
  -3.7839512e+01
  -3.4430366e+01
  -3.0938105e+01
  -2.7431482e+01
  -2.3970020e+01
  -2.0602963e+01
  -1.7368615e+01
  -1.4294064e+01
  -1.1395295e+01
  -8.6776713e+00
  -6.1367521e+00
  -3.7594155e+00
  -1.5252308e+00
   5.9196665e-01
   2.6223600e+00
   4.5983558e+00
   6.5527729e+00
   8.5170772e+00
   1.0519721e+01
   1.2584643e+01
   1.4729974e+01
   1.6966995e+01
   1.9299370e+01
   2.1722687e+01
   2.4224305e+01
   2.6783524e+01
   2.9372053e+01
   3.1954768e+01
   3.4490728e+01
   3.6934414e+01
   3.9237140e+01
   4.1348608e+01
   4.3218525e+01
   4.4798263e+01
   4.6042473e+01
   4.6910632e+01
   4.7368451e+01
   4.7389109e+01
   4.6954277e+01
   4.6054896e+01
   4.4691684e+01
   4.2875369e+01
   4.0626623e+01
   3.7975724e+01
   3.4961937e+01
   3.1632649e+01
   2.8042280e+01
   2.4251003e+01
   2.0323317e+01
   1.6326511e+01
   1.2329075e+01
   8.3990873e+00
   4.6026424e+00
   1.0023523e+00
  -2.3440331e+00
  -5.3848529e+00
  -8.0755758e+00
  -1.0379633e+01
  -1.2269024e+01
  -1.3724686e+01
  -1.4736623e+01
  -1.5303805e+01
  -1.5433836e+01
  -1.5142428e+01
  -1.4452684e+01
  -1.3394235e+01
  -1.2002252e+01
  -1.0316370e+01
  -8.3795622e+00
  -6.2369982e+00
  -3.9349160e+00
  -1.5195456e+00
   9.6389049e-01
   3.4720744e+00
   5.9643683e+00
   8.4034531e+00
   1.0755821e+01
   1.2992121e+01
   1.5087351e+01
   1.7020918e+01
   1.8776561e+01
   2.0342164e+01
   2.1709472e+01
   2.2873736e+01
   2.3833299e+01
   2.4589161e+01
   2.5144525e+01
   2.5504373e+01
   2.5675055e+01
   2.5663939e+01
   2.5479121e+01
   2.5129194e+01
   2.4623101e+01
   2.3970060e+01
   2.3179550e+01
   2.2261379e+01
   2.1225784e+01
   2.0083584e+01
   1.8846353e+01
   1.7526601e+01
   1.6137942e+01
   1.4695238e+01
   1.3214698e+01
   1.1713921e+01
   1.0211871e+01
   8.7287679e+00
   7.2859050e+00
   5.9053769e+00
   4.6097276e+00
   3.4215251e+00
   2.3628725e+00
   1.4548695e+00
   7.1704246e-01
   1.6676142e-01
  -1.8133340e-01
  -3.1587451e-01
  -2.2925673e-01
   8.1947673e-02
   6.1666801e-01
   1.3691253e+00
   2.3287475e+00
   3.4802194e+00
   4.8036732e+00
   6.2750201e+00
   7.8664188e+00
   9.5468726e+00
   1.1282939e+01
   1.3039539e+01
   1.4780832e+01
   1.6471150e+01
   1.8075945e+01
   1.9562728e+01
   2.0901974e+01
   2.2067954e+01
   2.3039476e+01
   2.3800501e+01
   2.4340620e+01
   2.4655364e+01
   2.4746349e+01
   2.4621231e+01
   2.4293484e+01
   2.3781995e+01
   2.3110493e+01
   2.2306822e+01
   2.1402085e+01
   2.0429677e+01
   1.9424246e+01
   1.8420599e+01
   1.7452612e+01
   1.6552146e+01
   1.5748037e+01
   1.5065165e+01
   1.4523655e+01
   1.4138217e+01
   1.3917661e+01
   1.3864605e+01
   1.3975368e+01
   1.4240081e+01
   1.4642985e+01
   1.5162933e+01
   1.5774063e+01
   1.6446627e+01
   1.7147953e+01
   1.7843506e+01
   1.8498016e+01
   1.9076632e+01
   1.9546068e+01
   1.9875708e+01
   2.0038623e+01
   2.0012477e+01
   1.9780277e+01
   1.9330967e+01
   1.8659814e+01
   1.7768595e+01
   1.6665574e+01
   1.5365261e+01
   1.3887962e+01
   1.2259145e+01
   1.0508626e+01
   8.6696116e+00
   6.7776244e+00
   4.8693507e+00
   2.9814445e+00
   1.1493285e+00
  -5.9396583e-01
  -2.2188825e+00
  -3.7003109e+00
  -5.0184086e+00
  -6.1592479e+00
  -7.1152628e+00
  -7.8854792e+00
  -8.4755193e+00
  -8.8973759e+00
  -9.1689631e+00
  -9.3134547e+00
  -9.3584311e+00
  -9.3348583e+00
  -9.2759334e+00
  -9.2158314e+00
  -9.1883946e+00
  -9.2258054e+00
  -9.3572890e+00
  -9.6078863e+00
  -9.9973411e+00
  -1.0539138e+01
  -1.1239728e+01
  -1.2097969e+01
  -1.3104798e+01
  -1.4243169e+01
  -1.5488237e+01
  -1.6807813e+01
  -1.8163063e+01
  -1.9509448e+01
  -2.0797873e+01
  -2.1976018e+01
  -2.2989813e+01
  -2.3785015e+01
  -2.4308848e+01
  -2.4511648e+01
  -2.4348476e+01
  -2.3780640e+01
  -2.2777093e+01
  -2.1315655e+01
  -1.9384019e+01
  -1.6980523e+01
  -1.4114642e+01
  -1.0807204e+01
  -7.0903009e+00
  -3.0069003e+00
   1.3898293e+00
   6.0374771e+00
   1.0865601e+01
   1.5797167e+01
   2.0750173e+01
   2.5639430e+01
   3.0378438e+01
   3.4881320e+01
   3.9064768e+01
   4.2849930e+01
   4.6164226e+01
   4.8943001e+01
   5.1131020e+01
   5.2683734e+01
   5.3568296e+01
   5.3764317e+01
   5.3264316e+01
   5.2073885e+01
   5.0211547e+01
   4.7708320e+01
   4.4607001e+01
   4.0961192e+01
   3.6834089e+01
   3.2297073e+01
   2.7428137e+01
   2.2310187e+01
   1.7029268e+01
   1.1672742e+01
   6.3274847e+00
   1.0781191e+00
  -3.9946518e+00
  -8.8155938e+00
  -1.3316329e+01
  -1.7436536e+01
  -2.1124947e+01
  -2.4340108e+01
  -2.7050917e+01
  -2.9236911e+01
  -3.0888320e+01
  -3.2005882e+01
  -3.2600450e+01
  -3.2692385e+01
  -3.2310773e+01
  -3.1492491e+01
  -3.0281133e+01
  -2.8725849e+01
  -2.6880100e+01
  -2.4800390e+01
  -2.2544973e+01
  -2.0172589e+01
  -1.7741239e+01
  -1.5307034e+01
  -1.2923126e+01
  -1.0638755e+01
  -8.4984150e+00
  -6.5411488e+00
  -4.7999903e+00
  -3.3015455e+00
  -2.0657205e+00
  -1.1055916e+00
  -4.2741218e-01
  -3.0750583e-02
   9.1252583e-02
  -4.8483132e-02
  -4.3144287e-01
  -1.0340659e+00
  -1.8283659e+00
  -2.7826096e+00
  -3.8620382e+00
  -5.0296210e+00
  -6.2468268e+00
  -7.4744014e+00
  -8.6731405e+00
  -9.8046472e+00
  -1.0832063e+01
  -1.1720766e+01
  -1.2439025e+01
  -1.2958600e+01
  -1.3255291e+01
  -1.3309417e+01
  -1.3106224e+01
  -1.2636219e+01
  -1.1895417e+01
  -1.0885508e+01
  -9.6139267e+00
  -8.0938339e+00
  -6.3439978e+00
  -4.3885802e+00
  -2.2568240e+00
   1.7353881e-02
   2.3958639e+00
   4.8370335e+00
   7.2962787e+00
   9.7268502e+00
   1.2080643e+01
   1.4309061e+01
   1.6363913e+01
   1.8198344e+01
   1.9767762e+01
   2.1030758e+01
   2.1950003e+01
   2.2493082e+01
   2.2633279e+01
   2.2350260e+01
   2.1630665e+01
   2.0468573e+01
   1.8865835e+01
   1.6832268e+01
   1.4385690e+01
   1.1551790e+01
   8.3638506e+00
   4.8622918e+00
   1.0940739e+00
  -2.8880561e+00
  -7.0264492e+00
  -1.1259559e+01
  -1.5523046e+01
  -1.9750959e+01
  -2.3876973e+01
  -2.7835648e+01
  -3.1563697e+01
  -3.5001221e+01
  -3.8092886e+01
  -4.0789030e+01
  -4.3046649e+01
  -4.4830262e+01
  -4.6112629e+01
  -4.6875290e+01
  -4.7108941e+01
  -4.6813613e+01
  -4.5998659e+01
  -4.4682552e+01
  -4.2892500e+01
  -4.0663875e+01
  -3.8039488e+01
  -3.5068708e+01
  -3.1806467e+01
  -2.8312151e+01
  -2.4648421e+01
  -2.0879986e+01
  -1.7072350e+01
  -1.3290569e+01
  -9.5980405e+00
  -6.0553537e+00
  -2.7192235e+00
   3.5847123e-01
   3.1315247e+00
   5.5601045e+00
   7.6113020e+00
   9.2595272e+00
   1.0486746e+01
   1.1282556e+01
   1.1644119e+01
   1.1575934e+01
   1.1089496e+01
   1.0202823e+01
   8.9398863e+00
   7.3299616e+00
   5.4069100e+00
   3.2084190e+00
   7.7521879e-01
  -1.8497081e+00
  -4.6219038e+00
  -7.4961844e+00
  -1.0427347e+01
  -1.3370823e+01
  -1.6283271e+01
  -1.9123095e+01
  -2.1850898e+01
  -2.4429858e+01
  -2.6826031e+01
  -2.9008590e+01
  -3.0949996e+01
  -3.2626116e+01
  -3.4016296e+01
  -3.5103389e+01
  -3.5873750e+01
  -3.6317224e+01
  -3.6427098e+01
  -3.6200061e+01
  -3.5636156e+01
  -3.4738733e+01
  -3.3514407e+01
  -3.1973017e+01
  -3.0127591e+01
  -2.7994309e+01
  -2.5592458e+01
  -2.2944381e+01
  -2.0075399e+01
  -1.7013722e+01
  -1.3790308e+01
  -1.0438700e+01
  -6.9948017e+00
  -3.4966108e+00
   1.6113471e-02
   3.5022353e+00
   6.9196905e+00
   1.0225991e+01
   1.3378786e+01
   1.6336462e+01
   1.9058791e+01
   2.1507599e+01
   2.3647446e+01
   2.5446312e+01
   2.6876253e+01
   2.7914036e+01
   2.8541712e+01
   2.8747120e+01
   2.8524312e+01
   2.7873871e+01
   2.6803117e+01
   2.5326189e+01
   2.3463993e+01
   2.1244017e+01
   1.8699998e+01
   1.5871460e+01
   1.2803117e+01
   9.5441527e+00
   6.1473949e+00
   2.6683905e+00
  -8.3558977e-01
  -4.3066028e+00
  -7.6871141e+00
  -1.0921086e+01
  -1.3955047e+01
  -1.6739116e+01
  -1.9227962e+01
  -2.1381670e+01
  -2.3166498e+01
  -2.4555499e+01
  -2.5529006e+01
  -2.6074950e+01
  -2.6189024e+01
  -2.5874668e+01
  -2.5142898e+01
  -2.4011958e+01
  -2.2506834e+01
  -2.0658609e+01
  -1.8503714e+01
  -1.6083051e+01
  -1.3441052e+01
  -1.0624669e+01
  -7.6823323e+00
  -4.6628989e+00
  -1.6146247e+00
   1.4158249e+00
   4.3842958e+00
   7.2499762e+00
   9.9761212e+00
   1.2530652e+01
   1.4886622e+01
   1.7022531e+01
   1.8922502e+01
   2.0576295e+01
   2.1979187e+01
   2.3131702e+01
   2.4039222e+01
   2.4711484e+01
   2.5161975e+01
   2.5407258e+01
   2.5466241e+01
   2.5359410e+01
   2.5108060e+01
   2.4733527e+01
   2.4256472e+01
   2.3696202e+01
   2.3070079e+01
   2.2393012e+01
   2.1677056e+01
   2.0931120e+01
   2.0160799e+01
   1.9368329e+01
   1.8552658e+01
   1.7709643e+01
   1.6832355e+01
   1.5911482e+01
   1.4935823e+01
   1.3892848e+01
   1.2769317e+01
   1.1551934e+01
   1.0228006e+01
   8.7861122e+00
   7.2167369e+00
   5.5128629e+00
   3.6705027e+00
   1.6891529e+00
  -4.2784313e-01
  -2.6730347e+00
  -5.0347138e+00
  -7.4968807e+00
  -1.0039329e+01
  -1.2637847e+01
  -1.5264533e+01
  -1.7888219e+01
  -2.0474989e+01
  -2.2988785e+01
  -2.5392084e+01
  -2.7646627e+01
  -2.9714193e+01
  -3.1557389e+01
  -3.3140440e+01
  -3.4429967e+01
  -3.5395730e+01
  -3.6011311e+01
  -3.6254747e+01
  -3.6109060e+01
  -3.5562712e+01
  -3.4609946e+01
  -3.3251014e+01
  -3.1492299e+01
  -2.9346309e+01
  -2.6831551e+01
  -2.3972302e+01
  -2.0798250e+01
  -1.7344052e+01
  -1.3648780e+01
  -9.7553019e+00
  -5.7095797e+00
  -1.5599221e+00
   2.6438056e+00
   6.8509939e+00
   1.1011108e+01
   1.5074500e+01
   1.8993192e+01
   2.2721623e+01
   2.6217344e+01
   2.9441639e+01
   3.2360083e+01
   3.4942998e+01
   3.7165830e+01
   3.9009418e+01
   4.0460168e+01
   4.1510116e+01
   4.2156903e+01
   4.2403637e+01
   4.2258673e+01
   4.1735302e+01
   4.0851363e+01
   3.9628786e+01
   3.8093083e+01
   3.6272787e+01
   3.4198869e+01
   3.1904126e+01
   2.9422569e+01
   2.6788820e+01
   2.4037521e+01
   2.1202785e+01
   1.8317677e+01
   1.5413759e+01
   1.2520682e+01
   9.6658536e+00
   6.8741717e+00
   4.1678314e+00
   1.5662081e+00
  -9.1418707e-01
  -3.2596795e+00
  -5.4593380e+00
  -7.5048195e+00
  -9.3901612e+00
  -1.1111528e+01
  -1.2666922e+01
  -1.4055872e+01
  -1.5279106e+01
  -1.6338216e+01
  -1.7235341e+01
  -1.7972858e+01
  -1.8553108e+01
  -1.8978154e+01
  -1.9249588e+01
  -1.9368383e+01
  -1.9334806e+01
  -1.9148387e+01
  -1.8807945e+01
  -1.8311676e+01
  -1.7657297e+01
  -1.6842235e+01
  -1.5863871e+01
  -1.4719815e+01
  -1.3408209e+01
  -1.1928055e+01
  -1.0279542e+01
  -8.4643751e+00
  -6.4860885e+00
  -4.3503296e+00
  -2.0651071e+00
   3.5900953e-01
   2.9087472e+00
   5.5680507e+00
   8.3180746e+00
   1.1137250e+01
   1.4001427e+01
   1.6884094e+01
   1.9756674e+01
   2.2588883e+01
   2.5349161e+01
   2.8005157e+01
   3.0524248e+01
   3.2874109e+01
   3.5023290e+01
   3.6941805e+01
   3.8601714e+01
   3.9977686e+01
   4.1047520e+01
   4.1792623e+01
   4.2198424e+01
   4.2254716e+01
   4.1955918e+01
   4.1301240e+01
   4.0294765e+01
   3.8945422e+01
   3.7266870e+01
   3.5277274e+01
   3.2999001e+01
   3.0458221e+01
   2.7684435e+01
   2.4709936e+01
   2.1569218e+01
   1.8298340e+01
   1.4934271e+01
   1.1514221e+01
   8.0749777e+00
   4.6522695e+00
   1.2801572e+00
  -2.0095192e+00
  -5.1876332e+00
  -8.2281916e+00
  -1.1108672e+01
  -1.3810273e+01
  -1.6318070e+01
  -1.8621079e+01
  -2.0712224e+01
  -2.2588217e+01
  -2.4249348e+01
  -2.5699204e+01
  -2.6944315e+01
  -2.7993744e+01
  -2.8858637e+01
  -2.9551733e+01
  -3.0086869e+01
  -3.0478476e+01
  -3.0741086e+01
  -3.0888868e+01
  -3.0935203e+01
  -3.0892303e+01
  -3.0770893e+01
  -3.0579963e+01
  -3.0326588e+01
  -3.0015827e+01
  -2.9650703e+01
  -2.9232254e+01
  -2.8759669e+01
  -2.8230483e+01
  -2.7640843e+01
  -2.6985824e+01
  -2.6259789e+01
  -2.5456780e+01
  -2.4570938e+01
  -2.3596914e+01
  -2.2530289e+01
  -2.1367970e+01
  -2.0108551e+01
  -1.8752643e+01
  -1.7303135e+01
  -1.5765413e+01
  -1.4147490e+01
  -1.2460082e+01
  -1.0716588e+01
  -8.9330046e+00
  -7.1277533e+00
  -5.3214360e+00
  -3.5365169e+00
  -1.7969398e+00
  -1.2768721e-01
   1.4457083e+00
   2.8976899e+00
   4.2032291e+00
   5.3383909e+00
   6.2809001e+00
   7.0106962e+00
   7.5104624e+00
   7.7661183e+00
   7.7672640e+00
   7.5075642e+00
   6.9850637e+00
   6.2024264e+00
   5.1670898e+00
   3.8913306e+00
   2.3922389e+00
   6.9159768e-01
  -1.1843309e+00
  -3.2051107e+00
  -5.3365247e+00
  -7.5410510e+00
  -9.7784137e+00
  -1.2006201e+01
  -1.4180540e+01
  -1.6256821e+01
  -1.8190448e+01
  -1.9937624e+01
  -2.1456133e+01
  -2.2706121e+01
  -2.3650862e+01
  -2.4257488e+01
  -2.4497674e+01
  -2.4348264e+01
  -2.3791831e+01
  -2.2817147e+01
  -2.1419571e+01
  -1.9601331e+01
  -1.7371700e+01
  -1.4747060e+01
  -1.1750846e+01
  -8.4133749e+00
  -4.7715549e+00
  -8.6847553e-01
   3.2471132e+00
   7.5214293e+00
   1.1896387e+01
   1.6310413e+01
   2.0699343e+01
   2.4997379e+01
   2.9138100e+01
   3.3055506e+01
   3.6685081e+01
   3.9964846e+01
   4.2836409e+01
   4.5245967e+01
   4.7145256e+01
   4.8492431e+01
   4.9252854e+01
   4.9399783e+01
   4.8914938e+01
   4.7788942e+01
   4.6021617e+01
   4.3622142e+01
   4.0609046e+01
   3.7010059e+01
   3.2861806e+01
   2.8209343e+01
   2.3105563e+01
   1.7610451e+01
   1.1790232e+01
   5.7163941e+00
  -5.3537044e-01
  -6.8863047e+00
  -1.3255781e+01
  -1.9562528e+01
  -2.5725876e+01
  -3.1666984e+01
  -3.7310050e+01
  -4.2583453e+01
  -4.7420842e+01
  -5.1762118e+01
  -5.5554317e+01
  -5.8752373e+01
  -6.1319738e+01
  -6.3228866e+01
  -6.4461544e+01
  -6.5009062e+01
  -6.4872238e+01
  -6.4061281e+01
  -6.2595509e+01
  -6.0502929e+01
  -5.7819677e+01
  -5.4589356e+01
  -5.0862255e+01
  -4.6694493e+01
  -4.2147084e+01
  -3.7284959e+01
  -3.2175946e+01
  -2.6889744e+01
  -2.1496889e+01
  -1.6067755e+01
  -1.0671574e+01
  -5.3755222e+00
  -2.4385985e-01
   4.6628499e+00
   9.2884392e+00
   1.3581744e+01
   1.7497115e+01
   2.0994832e+01
   2.4041422e+01
   2.6609872e+01
   2.8679753e+01
   3.0237254e+01
   3.1275126e+01
   3.1792550e+01
   3.1794934e+01
   3.1293647e+01
   3.0305695e+01
   2.8853347e+01
   2.6963732e+01
   2.4668387e+01
   2.2002795e+01
   1.9005892e+01
   1.5719563e+01
   1.2188136e+01
   8.4578586e+00
   4.5763822e+00
   5.9224501e-01
  -3.4456415e+00
  -7.4885000e+00
  -1.1488186e+01
  -1.5397675e+01
  -1.9171542e+01
  -2.2766422e+01
  -2.6141455e+01
  -2.9258710e+01
  -3.2083590e+01
  -3.4585202e+01
  -3.6736705e+01
  -3.8515613e+01
  -3.9904059e+01
  -4.0889020e+01
  -4.1462474e+01
  -4.1621520e+01
  -4.1368418e+01
  -4.0710576e+01
  -3.9660464e+01
  -3.8235450e+01
  -3.6457575e+01
  -3.4353246e+01
  -3.1952858e+01
  -2.9290358e+01
  -2.6402730e+01
  -2.3329438e+01
  -2.0111811e+01
  -1.6792392e+01
  -1.3414258e+01
  -1.0020330e+01
  -6.6526658e+00
  -3.3517805e+00
  -1.5597943e-01
   2.8992647e+00
   5.7818841e+00
   8.4637227e+00
   1.0920967e+01
   1.3134489e+01
   1.5090097e+01
   1.6778678e+01
   1.8196246e+01
   1.9343871e+01
   2.0227509e+01
   2.0857731e+01
   2.1249349e+01
   2.1420960e+01
   2.1394410e+01
   2.1194195e+01
   2.0846814e+01
   2.0380083e+01
   1.9822439e+01
   1.9202237e+01
   1.8547074e+01
   1.7883137e+01
   1.7234607e+01
   1.6623131e+01
   1.6067362e+01
   1.5582602e+01
   1.5180529e+01
   1.4869034e+01
   1.4652159e+01
   1.4530150e+01
   1.4499601e+01
   1.4553706e+01
   1.4682592e+01
   1.4873736e+01
   1.5112445e+01
   1.5382388e+01
   1.5666164e+01
   1.5945890e+01
   1.6203784e+01
   1.6422743e+01
   1.6586884e+01
   1.6682036e+01
   1.6696179e+01
   1.6619804e+01
   1.6446195e+01
   1.6171622e+01
   1.5795442e+01
   1.5320101e+01
   1.4751047e+01
   1.4096555e+01
   1.3367458e+01
   1.2576820e+01
   1.1739534e+01
   1.0871875e+01
   9.9910128e+00
   9.1145086e+00
   8.2598030e+00
   7.4437142e+00
   6.6819603e+00
   5.9887219e+00
   5.3762540e+00
   4.8545617e+00
   4.4311464e+00
   4.1108293e+00
   3.8956576e+00
   3.7848934e+00
   3.7750850e+00
   3.8602175e+00
   4.0319360e+00
   4.2798339e+00
   4.5917956e+00
   4.9543838e+00
   5.3532565e+00
   5.7736019e+00
   6.2005766e+00
   6.6197344e+00
   7.0174310e+00
   7.3811942e+00
   7.7000471e+00
   7.9647768e+00
   8.1681394e+00
   8.3049974e+00
   8.3723863e+00
   8.3695100e+00
   8.2976654e+00
   8.1601023e+00
   7.9618229e+00
   7.7093295e+00
   7.4103298e+00
   7.0734107e+00
   6.7076918e+00
   6.3224713e+00
   5.9268760e+00
   5.5295283e+00
   5.1382403e+00
   4.7597465e+00
   4.3994828e+00
   4.0614201e+00
   3.7479578e+00
   3.4598791e+00
   3.1963719e+00
   2.9551117e+00
   2.7324055e+00
   2.5233903e+00
   2.3222797e+00
   2.1226509e+00
   1.9177608e+00
   1.7008810e+00
   1.4656413e+00
   1.2063681e+00
   9.1840667e-01
   5.9841740e-01
   2.4463342e-01
  -1.4292783e-01
  -5.6230778e-01
  -1.0095104e+00
  -1.4784706e+00
  -1.9610899e+00
  -2.4473391e+00
  -2.9254257e+00
  -3.3820236e+00
  -3.8025577e+00
  -4.1715362e+00
  -4.4729222e+00
  -4.6905346e+00
  -4.8084658e+00
  -4.8115061e+00
  -4.6855628e+00
  -4.4180614e+00
  -3.9983188e+00
  -3.4178777e+00
  -2.6707933e+00
  -1.7538643e+00
  -6.6680133e-01
   5.8766988e-01
   2.0037753e+00
   3.5727286e+00
   5.2828359e+00
   7.1196657e+00
   9.0662799e+00
   1.1103519e+01
   1.3210334e+01
   1.5364155e+01
   1.7541294e+01
   1.9717355e+01
   2.1867664e+01
   2.3967690e+01
   2.5993454e+01
   2.7921921e+01
   2.9731358e+01
   3.1401656e+01
   3.2914611e+01
   3.4254158e+01
   3.5406552e+01
   3.6360496e+01
   3.7107225e+01
   3.7640528e+01
   3.7956732e+01
   3.8054631e+01
   3.7935391e+01
   3.7602404e+01
   3.7061128e+01
   3.6318897e+01
   3.5384723e+01
   3.4269086e+01
   3.2983725e+01
   3.1541428e+01
   2.9955838e+01
   2.8241268e+01
   2.6412528e+01
   2.4484778e+01
   2.2473395e+01
   2.0393860e+01
   1.8261665e+01
   1.6092232e+01
   1.3900855e+01
   1.1702645e+01
   9.5124835e+00
   7.3449878e+00
   5.2144671e+00
   3.1348811e+00
   1.1197909e+00
  -8.1769923e-01
  -2.6650111e+00
  -4.4101742e+00
  -6.0419204e+00
  -7.5497907e+00
  -8.9242534e+00
  -1.0156832e+01
  -1.1240235e+01
  -1.2168497e+01
  -1.2937104e+01
  -1.3543124e+01
  -1.3985316e+01
  -1.4264229e+01
  -1.4382273e+01
  -1.4343763e+01
  -1.4154933e+01
  -1.3823915e+01
  -1.3360676e+01
  -1.2776919e+01
  -1.2085945e+01
  -1.1302468e+01
  -1.0442402e+01
  -9.5226032e+00
  -8.5605921e+00
  -7.5742428e+00
  -6.5814588e+00
  -5.5998354e+00
  -4.6463213e+00
  -3.7368837e+00
  -2.8861894e+00
  -2.1073071e+00
  -1.4114421e+00
  -8.0770816e-01
  -3.0294594e-01
   9.8407918e-02
   3.9439578e-01
   5.8555517e-01
   6.7487445e-01
   6.6768805e-01
   5.7151313e-01
   3.9583078e-01
   1.5181711e-01
  -1.4796965e-01
  -4.8993796e-01
  -8.5983879e-01
  -1.2431586e+00
  -1.6255188e+00
  -1.9930712e+00
  -2.3328776e+00
  -2.6332642e+00
  -2.8841389e+00
  -3.0772642e+00
  -3.2064759e+00
  -3.2678416e+00
  -3.2597543e+00
  -3.1829564e+00
  -3.0404946e+00
  -2.8376043e+00
  -2.5815278e+00
  -2.2812692e+00
  -1.9472938e+00
  -1.5911795e+00
  -1.2252297e+00
  -8.6205907e-01
  -5.1416348e-01
  -1.9348732e-01
   8.8999409e-02
   3.2370117e-01
   5.0276184e-01
   6.2038276e-01
   6.7308338e-01
   6.5989550e-01
   5.8248341e-01
   4.4518484e-01
   2.5496910e-01
   2.1311643e-02
  -2.4401390e-01
  -5.2722222e-01
  -8.1287554e-01
  -1.0843074e+00
  -1.3241003e+00
  -1.5146065e+00
  -1.6384963e+00
  -1.6793219e+00
  -1.6220789e+00
  -1.4537518e+00
  -1.1638262e+00
  -7.4475363e-01
  -1.9235390e-01
   4.9385745e-01
   1.3104283e+00
   2.2498252e+00
   3.3003905e+00
   4.4464082e+00
   5.6682778e+00
   6.9427965e+00
   8.2435456e+00
   9.5413746e+00
   1.0804973e+01
   1.2001517e+01
   1.3097385e+01
   1.4058909e+01
   1.4853160e+01
   1.5448749e+01
   1.5816610e+01
   1.5930756e+01
   1.5768994e+01
   1.5313565e+01
   1.4551708e+01
   1.3476123e+01
   1.2085321e+01
   1.0383854e+01
   8.3824160e+00
   6.0978048e+00
   3.5527537e+00
   7.7562394e-01
  -2.2000308e+00
  -5.3360217e+00
  -8.5901915e+00
  -1.1917179e+01
  -1.5269262e+01
  -1.8597262e+01
  -2.1851492e+01
  -2.4982721e+01
  -2.7943137e+01
  -3.0687292e+01
  -3.3172994e+01
  -3.5362133e+01
  -3.7221433e+01
  -3.8723089e+01
  -3.9845292e+01
  -4.0572630e+01
  -4.0896346e+01
  -4.0814457e+01
  -4.0331724e+01
  -3.9459487e+01
  -3.8215352e+01
  -3.6622757e+01
  -3.4710413e+01
  -3.2511642e+01
  -3.0063632e+01
  -2.7406617e+01
  -2.4583013e+01
  -2.1636518e+01
  -1.8611220e+01
  -1.5550705e+01
  -1.2497215e+01
  -9.4908510e+00
  -6.5688579e+00
  -3.7649950e+00
  -1.1090117e+00
   1.3737639e+00
   3.6627153e+00
   5.7421032e+00
   7.6011050e+00
   9.2337328e+00
   1.0638633e+01
   1.1818778e+01
   1.2781066e+01
   1.3535831e+01
   1.4096294e+01
   1.4477965e+01
   1.4698011e+01
   1.4774620e+01
   1.4726367e+01
   1.4571614e+01
   1.4327951e+01
   1.4011692e+01
   1.3637454e+01
   1.3217815e+01
   1.2763061e+01
   1.2281040e+01
   1.1777109e+01
   1.1254180e+01
   1.0712870e+01
   1.0151726e+01
   9.5675398e+00
   8.9557208e+00
   8.3107270e+00
   7.6265279e+00
   6.8970890e+00
   6.1168567e+00
   5.2812284e+00
   4.3869901e+00
   3.4327040e+00
   2.4190347e+00
   1.3489985e+00
   2.2812811e-01
  -9.3545614e-01
  -2.1310717e+00
  -3.3455982e+00
  -4.5636976e+00
  -5.7681263e+00
  -6.9401301e+00
  -8.0599109e+00
  -9.1071533e+00
  -1.0061593e+01
  -1.0903612e+01
  -1.1614842e+01
  -1.2178753e+01
  -1.2581217e+01
  -1.2811016e+01
  -1.2860294e+01
  -1.2724913e+01
  -1.2404724e+01
  -1.1903734e+01
  -1.1230143e+01
  -1.0396283e+01
  -9.4184196e+00
  -8.3164445e+00
  -7.1134541e+00
  -5.8352244e+00
  -4.5095961e+00
  -3.1657846e+00
  -1.8336330e+00
  -5.4282735e-01
   6.7790318e-01
   1.8015808e+00
   2.8037443e+00
   3.6631631e+00
   4.3624801e+00
   4.8887622e+00
   5.2339423e+00
   5.3951389e+00
   5.3748399e+00
   5.1809446e+00
   4.8266595e+00
   4.3302477e+00
   3.7146359e+00
   3.0068869e+00
   2.2375500e+00
   1.4399048e+00
   6.4911475e-01
  -9.8684660e-02
  -7.6734335e-01
  -1.3216727e+00
  -1.7284155e+00
  -1.9571833e+00
  -1.9813371e+00
  -1.7787857e+00
  -1.3326804e+00
  -6.3198708e-01
   3.2808230e-01
   1.5457912e+00
   3.0127620e+00
   4.7140263e+00
   6.6282437e+00
   8.7280839e+00
   1.0980765e+01
   1.3348735e+01
   1.5790482e+01
   1.8261452e+01
   2.0715050e+01
   2.3103708e+01
   2.5379983e+01
   2.7497660e+01
   2.9412845e+01
   3.1084996e+01
   3.2477893e+01
   3.3560501e+01
   3.4307719e+01
   3.4700985e+01
   3.4728733e+01
   3.4386682e+01
   3.3677949e+01
   3.2612994e+01
   3.1209389e+01
   2.9491415e+01
   2.7489511e+01
   2.5239574e+01
   2.2782132e+01
   2.0161425e+01
   1.7424387e+01
   1.4619590e+01
   1.1796147e+01
   9.0026156e+00
   6.2859309e+00
   3.6903813e+00
   1.2566640e+00
  -9.7896474e-01
  -2.9854220e+00
  -4.7373985e+00
  -6.2158125e+00
  -7.4081093e+00
  -8.3084017e+00
  -8.9174483e+00
  -9.2424759e+00
  -9.2968508e+00
  -9.0996101e+00
  -8.6748679e+00
  -8.0511128e+00
  -7.2604162e+00
  -6.3375721e+00
  -5.3191930e+00
  -4.2427826e+00
  -3.1458105e+00
  -2.0648116e+00
  -1.0345309e+00
  -8.7134691e-02
   7.4849327e-01
   1.4473573e+00
   1.9888425e+00
   2.3570860e+00
   2.5412217e+00
   2.5354943e+00
   2.3392442e+00
   1.9567686e+00
   1.3970633e+00
   6.7345813e-01
  -1.9684372e-01
  -1.1933062e+00
  -2.2926656e+00
  -3.4695825e+00
  -4.6973228e+00
  -5.9484485e+00
  -7.1955022e+00
  -8.4116658e+00
  -9.5713805e+00
  -1.0650910e+01
  -1.1628839e+01
  -1.2486491e+01
  -1.3208268e+01
  -1.3781891e+01
  -1.4198554e+01
  -1.4452986e+01
  -1.4543420e+01
  -1.4471475e+01
  -1.4241967e+01
  -1.3862641e+01
  -1.3343850e+01
  -1.2698186e+01
  -1.1940066e+01
  -1.1085313e+01
  -1.0150704e+01
  -9.1535399e+00
  -8.1112156e+00
  -7.0408214e+00
  -5.9587763e+00
  -4.8805031e+00
  -3.8201529e+00
  -2.7903828e+00
  -1.8021892e+00
  -8.6479962e-01
   1.4379344e-02
   8.2975953e-01
   1.5775177e+00
   2.2554966e+00
   2.8630665e+00
   3.4009547e+00
   3.8710502e+00
   4.2761919e+00
   4.6199485e+00
   4.9063973e+00
   5.1399107e+00
   5.3249553e+00
   5.4659116e+00
   5.5669176e+00
   5.6317405e+00
   5.6636794e+00
   5.6655007e+00
   5.6394045e+00
   5.5870234e+00
   5.5094495e+00
   5.4072878e+00
   5.2807307e+00
   5.1296508e+00
   4.9537047e+00
   4.7524449e+00
   4.5254316e+00
   4.2723424e+00
   3.9930716e+00
   3.6878178e+00
   3.3571531e+00
   3.0020738e+00
   2.6240277e+00
   2.2249195e+00
   1.8070916e+00
   1.3732832e+00
   9.2656744e-01
   4.7027086e-01
   7.8771048e-03
  -4.5708053e-01
  -9.2113371e-01
  -1.3809959e+00
  -1.8336771e+00
  -2.2765908e+00
  -2.7076500e+00
  -3.1253466e+00
  -3.5288119e+00
  -3.9178538e+00
  -4.2929702e+00
  -4.6553360e+00
  -5.0067627e+00
  -5.3496337e+00
  -5.6868140e+00
  -6.0215377e+00
  -6.3572771e+00
  -6.6975964e+00
  -7.0459948e+00
  -7.4057444e+00
  -7.7797277e+00
  -8.1702803e+00
  -8.5790448e+00
  -9.0068399e+00
  -9.4535515e+00
  -9.9180472e+00
  -1.0398122e+01
  -1.0890473e+01
  -1.1390710e+01
  -1.1893398e+01
  -1.2392138e+01
  -1.2879675e+01
  -1.3348046e+01
  -1.3788744e+01
  -1.4192918e+01
  -1.4551581e+01
  -1.4855842e+01
  -1.5097137e+01
  -1.5267463e+01
  -1.5359611e+01
  -1.5367381e+01
  -1.5285781e+01
  -1.5111203e+01
  -1.4841570e+01
  -1.4476443e+01
  -1.4017096e+01
  -1.3466550e+01
  -1.2829562e+01
  -1.2112570e+01
  -1.1323603e+01
  -1.0472137e+01
  -9.5689308e+00
  -8.6258099e+00
  -7.6554356e+00
  -6.6710428e+00
  -5.6861633e+00
  -4.7143392e+00
  -3.7688328e+00
  -2.8623408e+00
  -2.0067203e+00
  -1.2127337e+00
  -4.8981803e-01
   1.5411429e-01
   7.1283843e-01
   1.1819401e+00
   1.5588946e+00
   1.8431012e+00
   2.0358696e+00
   2.1403622e+00
   2.1614903e+00
   2.1057700e+00
   1.9811389e+00
   1.7967405e+00
   1.5626810e+00
   1.2897649e+00
   9.8921607e-01
   6.7239278e-01
   3.5050225e-01
   3.4323613e-02
  -2.6605428e-01
  -5.4147330e-01
  -7.8391869e-01
  -9.8669838e-01
  -1.1445848e+00
  -1.2539154e+00
  -1.3126501e+00
  -1.3203838e+00
  -1.2783144e+00
  -1.1891682e+00
  -1.0570836e+00
  -8.8745788e-01
  -6.8676101e-01
  -4.6232212e-01
  -2.2209427e-01
   2.5595378e-02
   2.7230327e-01
   5.0972767e-01
   7.2996027e-01
   9.2572420e-01
   1.0905918e+00
   1.2191760e+00
   1.3072906e+00
   1.3520740e+00
