  -8.2551589e+00
   1.0107684e+01
   3.3380986e+01
  -1.5475551e+01
   1.2706620e+01
  -3.9740804e+00
   3.8889792e+01
   2.3531019e+01
  -2.0109630e+01
   3.6878045e+00
  -6.3584616e+00
   3.8694678e+00
   1.1238543e+01
  -3.3172670e+00
  -2.8946585e+01
  -1.4154873e+00
  -4.1562800e+01
  -2.9812894e+01
   1.6961996e+01
   5.1093630e+00
  -1.6255309e+00
  -5.4989548e+00
   2.4785463e+01
   1.4356878e+00
   1.0205754e+00
   3.4681481e+00
  -2.8340829e+01
  -2.7250303e+01
   6.7505785e+00
   2.2325619e+00
  -1.3797965e+00
  -9.2699169e+00
  -2.1558422e+01
  -3.3190299e+00
   6.7139365e+00
  -1.0852537e+01
   2.3607661e+00
  -2.3001188e+01
  -1.4814530e+01
   1.0433264e+01
   3.6552433e+01
   6.7943178e+00
   4.1882365e+01
   3.3269424e+01
   3.3208343e+00
   2.4507014e+01
  -1.8357612e+01
  -8.0899912e+00
  -1.6930833e+01
   2.4893533e+01
  -1.1809345e+01
   2.1606139e+00
  -2.5954813e+01
   1.1368301e+01
   9.3695648e+00
  -2.6335988e+01
  -8.1453449e+00
  -1.3693061e+01
   2.4051232e+01
   1.4046441e+01
  -2.1601448e+01
  -1.2973204e+00
   1.5219799e+01
   1.4428302e+01
  -1.0079040e+01
  -2.0150919e+01
   1.6885176e+01
   8.8787788e+00
  -2.4260722e+01
  -1.5040600e+01
   8.0024251e+00
   7.6132463e+00
   9.0209529e+00
   1.6256338e+01
   2.3380663e+01
   7.5048892e+00
  -7.6761652e+00
   5.1855757e+00
  -2.1177165e+01
  -2.2142011e-01
   3.8600456e+00
   4.8705921e+00
   1.3914517e+00
  -7.6047089e+00
  -2.5923961e+01
  -2.3468885e+01
  -1.7728230e+01
   3.7787868e+00
  -9.5226885e-01
  -1.6217495e+01
   1.5551444e+01
   2.3361805e+01
  -2.1826260e+00
  -2.5664044e+00
  -1.7636730e+01
   1.7166118e+01
  -1.5529312e+01
   1.2814080e+00
   7.4560364e+00
   2.9736862e+00
  -1.0383402e+01
   4.8496293e+00
  -8.9700004e+00
   9.4456904e-02
   1.0496990e+01
  -1.8954338e+01
   1.1252621e+01
   1.4557718e+01
   2.2528104e+01
   1.6401277e+01
   4.3122970e+01
   2.1260161e+01
  -1.3613499e+01
  -2.8047657e+01
  -8.3035930e+00
   1.0728855e+01
  -8.8944186e+00
  -5.1407174e+01
  -5.1022164e+00
   1.2180809e+01
   1.3429781e+01
  -4.0170431e+01
  -1.9240326e+01
   3.0889264e+01
   3.2121292e+01
   6.2925240e+00
  -1.8914917e+01
   8.4530823e+00
   1.2673662e+01
  -7.3708991e+00
   2.4044729e+01
   1.5975939e+01
  -1.2528282e+01
  -1.5205145e+01
   1.1378532e+01
  -2.1725140e+00
   5.8430355e+00
  -7.1821112e+00
  -6.3617004e+00
  -2.9949307e+01
  -9.0037827e+00
  -2.3448131e+01
   2.0022226e+00
  -6.7307826e+00
  -1.6855551e+01
   9.0610780e+00
   2.3071908e+01
   3.3279193e+01
  -9.6951097e-01
   1.3972231e+01
   1.5992116e+00
   4.4817103e+00
   1.1033821e+01
   8.3468345e+00
  -1.2800281e+01
  -1.3824867e+00
  -1.8309245e+00
   1.7625803e+01
  -2.6786992e+01
  -2.6966059e+01
  -3.4231636e+01
   1.4399861e+01
  -7.8155254e+01
  -2.1692019e+01
   5.4255575e+01
  -1.3797401e+01
   1.4980811e+00
  -1.1797985e+01
   4.0026923e+01
   1.7324374e+01
   4.6539369e+00
   1.6971333e+01
   2.0843755e+01
   1.9044995e+00
   2.1768930e+01
   1.1592404e+01
   2.2999303e+01
   1.1001958e+01
  -3.3793089e-01
  -5.1488588e+00
  -3.1567477e+01
   4.4121587e+01
  -1.9426635e+00
  -7.2773658e+00
  -3.1918959e+00
  -1.6408100e+01
  -4.9708558e+00
   1.8330104e+01
  -3.9655241e+01
  -1.1584391e+01
  -8.7963810e+00
  -1.9778613e+01
  -3.0008076e+01
   2.1172370e+01
  -5.5635663e+00
  -6.3018530e+00
   1.0157015e+01
   1.4706797e+01
   1.5570260e+01
  -1.9447060e+01
  -1.4118952e+01
   2.4833217e+01
   1.1911759e+01
   4.4792257e+00
  -1.2541408e+01
   2.1005509e+01
   2.4763093e+01
  -7.3953605e-01
  -1.6828639e+01
  -2.8162668e+01
  -6.3756313e+00
  -6.8774532e+00
  -2.5618186e+01
   2.7533643e+01
   2.0957014e+01
  -3.8044037e+01
  -1.9631538e+01
   1.0226914e+01
  -1.3517161e+01
  -2.8132141e+01
   3.6248557e+00
   4.3628915e+00
   2.1806862e+01
   1.3968604e+01
   1.3517654e+01
   9.1018975e+00
   6.5991394e+00
   2.2597510e+00
  -3.1011735e+00
   1.8489144e+01
   2.9690227e+01
   1.4306496e+01
  -4.1090144e+00
  -9.9902790e-01
  -9.0622730e+00
  -1.5482016e+00
  -4.5270574e+00
  -2.2140871e+00
   1.6786240e+01
  -2.8096342e+01
  -1.6379046e+01
  -7.3938565e+00
   7.9713167e+00
  -5.1110682e-01
  -6.9069742e+00
   8.8749082e+00
  -9.2928673e+00
   2.4576174e+01
   2.0295914e+01
   4.9330671e-01
   9.9401324e+00
  -1.3152379e+01
  -6.2294329e+00
  -6.1906928e+00
   3.9127085e+00
  -4.1113996e+00
  -4.3288213e-01
  -1.5231308e+01
  -9.5560689e+00
