6836.973128  
6855.385874  
6881.9328  
6829.360769  
6857.370585  
6851.516724  
6892.252062  
6875.715203  
6829.603333  
6851.516632  
6842.506039  
6851.028666  
6856.041026  
6841.971188  
6815.125268  
6840.5232  
6803.148292  
6811.245992  
6860.971958  
6846.140913  
6848.448263  
6837.936371  
6866.243137  
6845.75628  
6840.670932  
6841.218567  
6808.584683  
6805.474152  
6839.993066  
6838.017582  
6828.89172  
6819.646366  
6810.736701  
6826.730228  
6837.427951  
6814.007931  
6829.065589  
6800.361067  
6806.563449  
6836.854475  
6867.337331  
6827.630391  
6863.382612  
6854.578722  
6826.521718  
6845.439284  
6803.224063  
6810.77297  
6802.339589  
6846.959937  
6813.994636  
6825.152985  
6812.974864  
6844.934231  
6841.261807  
6807.593228  
6830.524458  
6831.556671  
6865.046811  
6850.22995  
6813.627058  
6838.55895  
6852.046119  
6848.683994  
6819.643422  
6816.459981  
6855.501997  
6838.315833  
6810.017124  
6816.428836  
6839.206858  
6842.902595  
6850.222483  
6854.18831  
6859.874474  
6840.865475  
6831.100583  
6843.648943  
6814.262037  
6834.280216  
6839.871941  
6842.2262  
6835.464383  
6821.7964  
6806.162879  
6811.182878  
6817.325314  
6836.222154  
6831.546743  
6812.979587  
6844.872362  
6853.408403  
6828.742327  
6826.542748  
6808.075748  
6843.472439  
6813.099799  
6825.469594  
6837.771657  
6829.694912  
6810.619534  
6826.839851  
6815.332381  
6819.817759  
6832.877092  
6801.640479  
6835.727342  
6836.276784  
6840.377479  
6830.830431  
6860.315752  
6839.121518  
6806.37246  
6785.177694  
6805.282772  
6827.141279  
6802.502713  
6762.257073  
6809.975854  
6825.501519  
6821.705434  
6771.765096  
6792.43079  
6847.201392  
6848.342689  
6821.222093  
6797.88758  
6819.381955  
6828.087518  
6811.506883  
6839.954641  
6831.290195  
6802.701864  
6801.122609  
6827.622172  
6812.287364  
6816.5641  
6805.142073  
6808.916148  
6781.904371  
6805.186428  
6793.180634  
6819.710592  
6805.144816  
6793.056705  
6823.917609  
6838.580695  
6844.813215  
6813.766951  
6826.281016  
6810.685425  
6816.912699  
6824.39838  
6817.704942  
6795.735789  
6807.387878  
6809.393887  
6825.445218  
6780.006229  
6785.40682  
6779.519897  
6829.401435  
6734.149007  
6788.400984  
6858.923882  
6788.403914  
6807.370402  
6794.900391  
6846.137658  
6825.844659  
6808.009145  
6814.92767  
6824.718506  
6804.435154  
6821.763234  
6814.226813  
6823.883603  
6812.146569  
6794.365614  
6791.170424  
6766.802412  
6844.264021  
6793.896366  
6792.003967  
6798.837016  
6782.812768  
6790.415402  
6810.978231  
6758.638353  
6784.816413  
6781.832601  
6770.802636  
6765.518216  
6812.418274  
6789.23858  
6785.432387  
6807.539151  
6806.338759  
6811.75491  
6773.803541  
6775.808139  
6814.977217  
6800.893707  
6787.491472  
6768.34393  
6808.959452  
6809.105496  
6781.872104  
6766.030823  
6754.4898  
6774.721754  
6775.160105  
6757.705299  
6807.131087  
6801.543576  
6746.89506  
6762.176941  
6792.20302  
6767.329739  
6752.251706  
6783.654361  
6781.794983  
6801.610796  
6793.22112  
6790.661852  
6787.36893  
6786.761125  
6785.261047  
6784.178504  
6796.779744  
6809.754462  
6792.29699  
6769.398627  
6774.165232  
6764.923208  
6771.658139  
6764.646525  
6766.432543  
6787.767209  
6744.775194  
6749.619724  
6761.405178  
6775.53518  
6770.803348  
6761.931586  
6776.931278  
6761.743279  
6792.61478  
6786.781267  
6772.131195  
6774.933495  
6749.502686  
6754.606411  
6756.7997  
6768.750319  
6758.129171  
6767.053891  
6749.261451  
6754.261227  
